(-189.3, 206.35, 63.09)
(-189.65, 206.27, 58.91)
(-189.92, 206.2, 54.73)
(-190.12, 206.12, 50.54)
(-190.25, 206.05, 46.35)
(-190.32, 205.97, 42.16)
(-190.31, 205.89, 37.97)
(-190.24, 205.81, 33.78)
(-190.11, 205.72, 29.59)
(-189.9, 205.63, 25.4)
(-189.62, 205.53, 21.21)
(-189.28, 205.43, 17.04)
(-188.86, 205.32, 12.87)
(-188.36, 205.21, 8.7)
(-187.79, 205.08, 4.55)
(-187.14, 204.96, 0.41)
(-186.4, 204.82, -3.71)
(-185.58, 204.67, -7.82)
(-184.67, 204.52, -11.91)
(-183.67, 204.35, -15.98)
(-182.58, 204.18, -20.03)
(-181.38, 203.99, -24.04)
(-180.09, 203.8, -28.03)
(-178.69, 203.59, -31.97)
(-177.18, 203.37, -35.88)
(-175.56, 203.13, -39.74)
(-173.81, 202.88, -43.54)
(-171.95, 202.62, -47.29)
(-169.97, 202.35, -50.97)
(-167.85, 202.05, -54.58)
(-165.6, 201.74, -58.11)
(-163.22, 201.42, -61.55)
(-160.74, 201.08, -64.91)
(-158.22, 200.74, -68.24)
(-155.63, 200.38, -71.52)
(-152.98, 200.03, -74.75)
(-150.27, 199.66, -77.93)
(-147.46, 199.29, -81.02)
(-144.58, 198.91, -84.04)
(-141.6, 198.53, -86.97)
(-138.52, 198.14, -89.79)
(-135.34, 197.75, -92.5)
(-132.06, 197.37, -95.07)
(-128.66, 196.98, -97.5)
(-125.16, 196.6, -99.77)
(-121.56, 196.23, -101.89)
(-117.86, 195.86, -103.83)
(-114.08, 195.51, -105.6)
(-110.22, 195.17, -107.2)
(-106.29, 194.84, -108.64)
(-102.31, 194.53, -109.91)
(-98.28, 194.24, -111.03)
(-94.21, 193.96, -112.01)
(-90.11, 193.69, -112.85)
(-85.99, 193.44, -113.57)
(-81.84, 193.21, -114.18)
(-77.69, 192.99, -114.69)
(-73.52, 192.78, -115.1)
(-69.34, 192.59, -115.43)
(-65.16, 192.41, -115.69)
(-60.98, 192.25, -115.88)
(-56.79, 192.09, -116.0)
(-52.6, 191.94, -116.07)
(-48.41, 191.81, -116.1)
(-44.21, 191.68, -116.07)
(-40.02, 191.55, -115.99)
(-35.84, 191.42, -115.84)
(-31.65, 191.28, -115.63)
(-27.47, 191.12, -115.34)
(-23.3, 190.96, -114.97)
(-19.13, 190.8, -114.53)
(-14.97, 190.62, -114.0)
(-10.83, 190.44, -113.39)
(-6.7, 190.25, -112.68)
(-2.59, 190.05, -111.88)
(1.5, 189.84, -110.98)
(5.57, 189.63, -109.99)
(9.61, 189.42, -108.89)
(13.62, 189.19, -107.67)
(17.59, 188.97, -106.35)
(21.53, 188.74, -104.92)
(25.41, 188.51, -103.37)
(29.25, 188.27, -101.7)
(33.04, 188.04, -99.91)
(36.77, 187.8, -98.01)
(40.43, 187.57, -95.97)
(44.02, 187.34, -93.82)
(47.54, 187.12, -91.55)
(50.98, 186.9, -89.17)
(54.34, 186.7, -86.67)
(57.61, 186.5, -84.05)
(60.8, 186.31, -81.33)
(63.89, 186.14, -78.51)
(66.89, 185.98, -75.58)
(69.79, 185.83, -72.56)
(72.6, 185.71, -69.45)
(75.32, 185.6, -66.26)
(77.95, 185.51, -62.99)
(80.48, 185.44, -59.65)
(82.91, 185.38, -56.24)
(85.23, 185.31, -52.74)
(87.44, 185.21, -49.18)
(89.54, 185.09, -45.55)
(91.52, 184.96, -41.86)
(93.39, 184.8, -38.11)
(95.16, 184.63, -34.31)
(96.82, 184.44, -30.46)
(98.37, 184.24, -26.58)
(99.82, 184.02, -22.65)
(101.18, 183.78, -18.69)
(102.44, 183.53, -14.69)
(103.6, 183.27, -10.67)
(104.68, 182.99, -6.63)
(105.67, 182.69, -2.57)
(106.57, 182.39, 1.52)
(107.4, 182.07, 5.61)
(108.15, 181.75, 9.73)
(108.83, 181.41, 13.85)
(109.45, 181.06, 17.98)
(110.01, 180.7, 22.12)
(110.51, 180.33, 26.27)
(110.98, 179.95, 30.42)
(111.45, 179.56, 34.57)
(111.96, 179.16, 38.71)
(112.61, 178.76, 42.83)
(113.33, 178.34, 46.94)
(114.1, 177.9, 51.04)
(114.91, 177.41, 55.13)
(115.75, 176.86, 59.2)
(116.61, 176.24, 63.26)
(117.49, 175.53, 67.3)
(118.37, 174.72, 71.31)
(119.24, 173.79, 75.31)
(120.11, 172.73, 79.27)
(120.95, 171.52, 83.2)
(121.76, 170.14, 87.07)
(122.53, 168.57, 90.88)
(123.24, 166.8, 94.61)
(123.88, 164.78, 98.24)
(124.43, 162.53, 101.73)
(124.89, 160.02, 105.06)
(125.23, 157.26, 108.19)
(125.47, 154.21, 111.05)
(125.71, 150.8, 113.48)
(125.97, 147.2, 115.61)
(126.24, 143.49, 117.54)
(126.51, 139.71, 119.33)
(126.78, 135.88, 121.02)
(127.05, 132.01, 122.61)
(127.31, 128.1, 124.12)
(127.58, 124.18, 125.57)
(127.84, 120.23, 126.95)
(128.1, 116.26, 128.27)
(128.35, 112.27, 129.54)
(128.6, 108.26, 130.76)
(128.84, 104.24, 131.92)
(129.07, 100.21, 133.04)
(129.3, 96.15, 134.1)
(129.51, 92.09, 135.1)
(129.71, 88.01, 136.04)
(129.89, 83.91, 136.9)
(130.05, 79.79, 137.69)
(130.18, 75.67, 138.43)
(130.28, 71.54, 139.18)
(130.34, 67.42, 139.92)
(130.36, 63.29, 140.65)
(130.32, 59.15, 141.35)
(130.23, 55.01, 142.0)
(130.1, 50.86, 142.57)
(129.94, 46.69, 143.04)
(129.77, 42.52, 143.4)
(129.63, 38.34, 143.66)
(129.52, 34.15, 143.84)
(129.45, 29.96, 143.96)
(129.42, 25.77, 144.04)
(129.43, 21.57, 144.09)
(129.46, 17.38, 144.13)
(129.52, 13.19, 144.15)
(129.63, 8.99, 144.13)
(129.77, 4.8, 144.08)
(129.97, 0.62, 143.98)
(130.24, -3.57, 143.85)
(130.53, -7.75, 143.76)
(130.79, -11.93, 143.77)
(130.99, -16.12, 143.88)
(131.12, -20.31, 144.08)
(131.21, -24.49, 144.34)
(131.25, -28.67, 144.63)
(131.27, -32.86, 144.93)
(131.26, -37.04, 145.22)
(131.2, -41.22, 145.51)
(131.1, -45.4, 145.79)
(130.95, -49.59, 146.06)
(130.76, -53.77, 146.34)
(130.57, -57.95, 146.63)
(130.41, -62.12, 146.94)
(130.29, -66.3, 147.26)
(130.23, -70.48, 147.6)
(130.21, -74.66, 147.96)
(130.22, -78.84, 148.32)
(130.26, -83.02, 148.68)
(130.29, -87.2, 149.02)
(130.29, -91.38, 149.32)
(130.26, -95.56, 149.57)
(130.2, -99.75, 149.76)
(130.1, -103.94, 149.9)
(129.97, -108.13, 149.97)
(129.82, -112.32, 149.96)
(129.63, -116.51, 149.86)
(129.43, -120.69, 149.65)
(129.21, -124.87, 149.32)
(128.99, -129.03, 148.86)
(128.81, -133.18, 148.25)
(128.69, -137.3, 147.5)
(128.66, -141.38, 146.56)
(128.67, -145.31, 145.1)
(128.66, -148.97, 143.07)
(128.64, -152.38, 140.63)
(128.61, -155.57, 137.91)
(128.58, -158.56, 134.97)
(128.54, -161.4, 131.88)
(128.51, -164.09, 128.67)
(128.47, -166.65, 125.35)
(128.44, -169.1, 121.94)
(128.41, -171.44, 118.47)
(128.37, -173.69, 114.93)
(128.34, -175.85, 111.33)
(128.31, -177.93, 107.69)
(128.29, -179.92, 104.0)
(128.27, -181.84, 100.27)
(128.25, -183.68, 96.51)
(128.24, -185.44, 92.7)
(128.23, -187.13, 88.86)
(128.24, -188.73, 84.99)
(128.25, -190.24, 81.08)
(128.27, -191.67, 77.13)
(128.3, -192.98, 73.15)
(128.35, -194.17, 69.13)
(128.42, -195.2, 65.07)
(128.52, -196.05, 60.96)
(128.63, -196.72, 56.82)
(128.74, -197.28, 52.67)
(128.87, -197.78, 48.51)
(129.0, -198.22, 44.34)
(129.13, -198.63, 40.17)
(129.26, -199.0, 35.99)
(129.4, -199.34, 31.82)
(129.53, -199.66, 27.64)
(129.67, -199.97, 23.46)
(129.82, -200.25, 19.28)
(129.96, -200.53, 15.09)
(130.11, -200.79, 10.91)
(130.25, -201.03, 6.73)
(130.4, -201.27, 2.54)
(130.55, -201.51, -1.64)
(130.7, -201.73, -5.82)
(130.86, -201.95, -10.01)
(131.01, -202.16, -14.19)
(131.17, -202.38, -18.38)
(131.33, -202.58, -22.56)
(131.49, -202.79, -26.75)
(131.65, -203.0, -30.93)
(131.82, -203.21, -35.12)
(131.99, -203.43, -39.3)
(132.17, -203.65, -43.49)
(132.35, -203.89, -47.67)
(132.54, -204.16, -51.85)
(132.7, -204.35, -56.04)
(132.84, -204.47, -60.23)
(132.97, -204.55, -64.42)
(133.09, -204.61, -68.61)
(133.21, -204.66, -72.8)
(133.32, -204.7, -76.99)
(133.44, -204.73, -81.18)
(133.55, -204.75, -85.37)
(133.66, -204.77, -89.57)
(133.76, -204.78, -93.76)
(133.87, -204.79, -97.95)
(133.98, -204.79, -102.14)
(134.08, -204.8, -106.33)
(134.19, -204.8, -110.53)
(134.29, -204.79, -114.72)
(134.4, -204.79, -118.91)
(134.5, -204.78, -123.1)
(134.61, -204.77, -127.29)
(134.71, -204.76, -131.49)
(134.82, -204.75, -135.68)
(134.92, -204.74, -139.87)
(135.03, -204.73, -144.06)
(135.13, -204.71, -148.25)
(135.24, -204.7, -152.45)
(135.34, -204.68, -156.64)
(135.45, -204.67, -160.83)
(135.56, -204.65, -165.02)
(135.67, -204.63, -169.21)
(135.78, -204.62, -173.4)
(135.89, -204.6, -177.6)
(136.01, -204.58, -181.79)
(136.12, -204.56, -185.98)
(136.24, -204.55, -190.17)
