(104.0, -139.41, 0.91)
(101.84, -139.46, 0.88)
(99.69, -139.51, 0.85)
(97.54, -139.55, 0.82)
(95.38, -139.58, 0.79)
(93.23, -139.61, 0.76)
(91.08, -139.64, 0.73)
(88.93, -139.67, 0.7)
(86.77, -139.69, 0.67)
(84.62, -139.71, 0.63)
(82.47, -139.73, 0.6)
(80.31, -139.75, 0.57)
(78.16, -139.77, 0.54)
(76.01, -139.78, 0.51)
(73.85, -139.8, 0.48)
(71.7, -139.81, 0.44)
(69.55, -139.82, 0.41)
(67.4, -139.83, 0.38)
(65.24, -139.85, 0.36)
(63.09, -139.86, 0.33)
(60.94, -139.87, 0.3)
(58.78, -139.88, 0.27)
(56.63, -139.9, 0.25)
(54.48, -139.91, 0.22)
(52.32, -139.92, 0.19)
(50.17, -139.94, 0.17)
(48.02, -139.95, 0.15)
(45.86, -139.96, 0.12)
(43.71, -139.98, 0.1)
(41.56, -139.99, 0.08)
(39.4, -140.01, 0.05)
(37.25, -140.02, 0.03)
(35.1, -140.04, 0.01)
(32.95, -140.05, -0.01)
(30.79, -140.07, -0.04)
(28.64, -140.08, -0.08)
(26.49, -140.08, -0.14)
(24.33, -140.09, -0.2)
(22.18, -140.08, -0.27)
(20.03, -140.08, -0.35)
(17.88, -140.07, -0.44)
(15.73, -140.06, -0.53)
(13.58, -140.04, -0.62)
(11.43, -140.01, -0.72)
(9.27, -139.99, -0.82)
(7.12, -139.95, -0.91)
(4.97, -139.92, -0.99)
(2.82, -139.88, -1.05)
(0.67, -139.83, -1.1)
(-1.49, -139.79, -1.11)
(-3.64, -139.74, -1.08)
(-5.79, -139.69, -1.0)
(-7.94, -139.64, -0.87)
(-10.08, -139.6, -0.67)
(-12.22, -139.56, -0.41)
(-14.36, -139.57, -0.16)
(-16.5, -139.6, 0.06)
(-18.64, -139.61, 0.25)
(-20.79, -139.56, 0.43)
(-22.93, -139.45, 0.59)
(-25.07, -139.25, 0.73)
(-27.2, -138.97, 0.86)
(-29.32, -138.57, 0.97)
(-31.4, -138.05, 1.07)
(-33.45, -137.39, 1.15)
(-35.44, -136.57, 1.21)
(-37.35, -135.58, 1.24)
(-39.16, -134.41, 1.26)
(-40.83, -133.06, 1.24)
(-42.34, -131.53, 1.21)
(-43.64, -129.81, 1.15)
(-44.67, -127.92, 1.09)
(-45.51, -125.94, 1.04)
(-46.21, -123.9, 0.99)
(-46.81, -121.84, 0.95)
(-47.33, -119.75, 0.9)
(-47.79, -117.64, 0.86)
(-48.2, -115.53, 0.81)
(-48.56, -113.41, 0.77)
(-48.88, -111.28, 0.73)
(-49.18, -109.15, 0.69)
(-49.44, -107.01, 0.65)
(-49.68, -104.87, 0.61)
(-49.9, -102.73, 0.57)
(-50.09, -100.58, 0.54)
(-50.27, -98.44, 0.5)
(-50.43, -96.29, 0.46)
(-50.58, -94.14, 0.43)
(-50.72, -91.99, 0.39)
(-50.84, -89.85, 0.36)
(-50.95, -87.7, 0.32)
(-51.05, -85.54, 0.29)
(-51.14, -83.39, 0.25)
(-51.22, -81.24, 0.22)
(-51.29, -79.09, 0.19)
(-51.35, -76.94, 0.16)
(-51.41, -74.79, 0.12)
(-51.46, -72.63, 0.09)
(-51.5, -70.48, 0.06)
(-51.54, -68.33, 0.03)
(-51.57, -66.17, 0.0)
(-51.6, -64.02, -0.03)
(-51.62, -61.87, -0.06)
(-51.63, -59.72, -0.09)
(-51.64, -57.56, -0.12)
(-51.65, -55.41, -0.15)
(-51.65, -53.26, -0.18)
(-51.65, -51.1, -0.21)
(-51.64, -48.95, -0.24)
(-51.63, -46.8, -0.27)
(-51.62, -44.64, -0.29)
(-51.6, -42.49, -0.32)
(-51.59, -40.34, -0.35)
(-51.56, -38.18, -0.38)
(-51.54, -36.03, -0.4)
(-51.51, -33.88, -0.43)
(-51.48, -31.73, -0.46)
(-51.45, -29.57, -0.48)
(-51.41, -27.42, -0.51)
(-51.37, -25.27, -0.54)
(-51.33, -23.11, -0.56)
(-51.29, -20.96, -0.59)
(-51.25, -18.81, -0.61)
(-51.2, -16.66, -0.64)
(-51.16, -14.5, -0.66)
(-51.11, -12.35, -0.68)
(-51.06, -10.2, -0.71)
(-51.01, -8.05, -0.73)
(-50.95, -5.89, -0.76)
(-50.9, -3.74, -0.78)
(-50.84, -1.59, -0.8)
(-50.79, 0.56, -0.83)
(-50.73, 2.72, -0.85)
(-50.67, 4.87, -0.87)
(-50.61, 7.02, -0.89)
(-50.55, 9.17, -0.92)
(-50.48, 11.33, -0.94)
(-50.42, 13.48, -0.96)
(-50.36, 15.63, -0.98)
(-50.29, 17.78, -1.0)
(-50.22, 19.94, -1.02)
(-50.16, 22.09, -1.04)
(-50.09, 24.24, -1.06)
(-50.02, 26.39, -1.08)
(-49.96, 28.54, -1.1)
(-49.89, 30.7, -1.12)
(-49.82, 32.85, -1.14)
(-49.75, 35.0, -1.16)
(-49.68, 37.15, -1.18)
(-49.61, 39.31, -1.2)
(-49.54, 41.46, -1.22)
(-49.47, 43.61, -1.24)
(-49.39, 45.76, -1.26)
(-49.32, 47.91, -1.27)
(-49.25, 50.07, -1.29)
(-49.18, 52.22, -1.31)
(-49.11, 54.37, -1.33)
(-49.04, 56.52, -1.34)
(-48.96, 58.67, -1.36)
(-48.89, 60.83, -1.38)
(-48.82, 62.98, -1.39)
(-48.75, 65.13, -1.41)
(-48.68, 67.28, -1.43)
(-48.61, 69.43, -1.44)
(-48.53, 71.59, -1.46)
(-48.46, 73.74, -1.47)
(-48.39, 75.89, -1.49)
(-48.32, 78.04, -1.5)
(-48.25, 80.19, -1.52)
(-48.18, 82.35, -1.53)
(-48.11, 84.5, -1.54)
(-48.04, 86.65, -1.56)
(-47.98, 88.8, -1.57)
(-47.91, 90.96, -1.58)
(-47.84, 93.11, -1.6)
(-47.77, 95.26, -1.61)
(-47.71, 97.41, -1.62)
(-47.64, 99.56, -1.63)
(-47.57, 101.72, -1.65)
(-47.51, 103.87, -1.66)
(-47.45, 106.02, -1.67)
(-47.38, 108.17, -1.68)
(-47.32, 110.33, -1.69)
(-47.26, 112.48, -1.72)
(-47.2, 114.63, -1.75)
(-47.14, 116.78, -1.78)
(-47.08, 118.94, -1.83)
(-47.02, 121.09, -1.87)
(-46.96, 123.24, -1.93)
(-46.9, 125.39, -1.99)
(-46.84, 127.54, -2.05)
(-46.79, 129.69, -2.11)
(-46.73, 131.85, -2.17)
(-46.67, 134.0, -2.22)
(-46.62, 136.15, -2.28)
(-46.56, 138.3, -2.33)
(-46.51, 140.45, -2.36)
(-46.45, 142.61, -2.39)
(-46.39, 144.76, -2.4)
(-46.33, 146.91, -2.39)
(-46.27, 149.06, -2.36)
(-46.21, 151.22, -2.31)
(-46.15, 153.37, -2.22)
(-46.09, 155.52, -2.09)
(-46.02, 157.66, -1.93)
(-45.95, 159.8, -1.71)
(-45.88, 161.94, -1.45)
(-45.81, 164.07, -1.13)
(-45.73, 166.18, -0.74)
(-45.65, 168.29, -0.29)
(-45.56, 170.37, 0.23)
(-45.47, 172.44, 0.82)
(-45.38, 174.49, 1.49)
(-45.28, 176.51, 2.23)
(-45.17, 178.5, 3.05)
(-45.07, 180.46, 3.93)
(-44.96, 182.38, 4.89)
(-44.84, 184.27, 5.91)
(-44.73, 186.13, 6.99)
(-44.61, 187.95, 8.13)
(-44.48, 189.74, 9.33)
(-44.36, 191.5, 10.57)
(-44.23, 193.22, 11.85)
(-44.1, 194.9, 13.19)
(-43.97, 196.47, 14.67)
(-43.84, 197.9, 16.26)
(-43.71, 199.21, 17.97)
(-43.58, 200.39, 19.76)
(-43.45, 201.44, 21.64)
(-43.32, 202.37, 23.58)
(-43.19, 203.18, 25.57)
(-43.07, 203.89, 27.6)
(-42.94, 204.49, 29.66)
(-42.82, 205.01, 31.75)
(-42.7, 205.45, 33.85)
(-42.58, 205.81, 35.97)
(-42.46, 206.1, 38.1)
(-42.34, 206.33, 40.24)
(-42.22, 206.51, 42.38)
(-42.1, 206.64, 44.53)
(-41.98, 206.72, 46.67)
(-41.86, 206.76, 48.82)
(-41.73, 206.76, 50.97)
(-41.61, 206.73, 53.12)
(-41.48, 206.68, 55.27)
(-41.34, 206.6, 57.42)
(-41.21, 206.5, 59.57)
(-41.06, 206.4, 61.71)
(-40.91, 206.29, 63.86)
(-40.74, 206.2, 66.0)
(-40.57, 206.12, 68.15)
(-40.46, 206.06, 70.3)
(-40.37, 206.0, 72.45)
(-40.31, 205.94, 74.6)
(-40.25, 205.88, 76.75)
(-40.2, 205.83, 78.9)
(-40.16, 205.78, 81.06)
(-40.12, 205.73, 83.21)
(-40.09, 205.68, 85.36)
(-40.06, 205.64, 87.51)
(-40.04, 205.6, 89.67)
(-40.02, 205.56, 91.82)
(-39.99, 205.52, 93.97)
(-39.98, 205.49, 96.12)
(-39.96, 205.45, 98.28)
(-39.94, 205.42, 100.43)
(-39.93, 205.4, 102.58)
(-39.91, 205.37, 104.74)
(-39.9, 205.35, 106.89)
(-39.89, 205.33, 109.04)
(-39.88, 205.32, 111.2)
(-39.87, 205.31, 113.35)
(-39.86, 205.3, 115.5)
(-39.85, 205.3, 117.66)
(-39.84, 205.3, 119.81)
(-39.83, 205.3, 121.96)
(-39.82, 205.31, 124.12)
(-39.81, 205.32, 126.27)
(-39.8, 205.33, 128.42)
(-39.79, 205.34, 130.58)
(-39.78, 205.35, 132.73)
(-39.77, 205.37, 134.88)
(-39.75, 205.38, 137.04)
(-39.74, 205.39, 139.19)
(-39.72, 205.4, 141.34)
(-39.71, 205.41, 143.5)
(-39.69, 205.42, 145.65)
(-39.66, 205.43, 147.8)
(-39.64, 205.44, 149.96)
(-39.61, 205.45, 152.11)
(-39.57, 205.46, 154.26)
(-39.52, 205.47, 156.41)
(-39.34, 205.47, 157.87)
(-39.21, 205.45, 155.72)
(-39.12, 205.42, 153.57)
(-38.95, 205.37, 152.26)
(-38.89, 205.35, 154.41)
(-38.87, 205.35, 156.56)
(-38.85, 205.34, 158.72)
(-38.84, 205.34, 160.87)
