(104.0, -139.41, 7.56)
(101.84, -139.46, 7.59)
(99.69, -139.51, 7.62)
(97.54, -139.55, 7.65)
(95.38, -139.58, 7.68)
(93.23, -139.61, 7.71)
(91.08, -139.64, 7.74)
(88.93, -139.67, 7.77)
(86.77, -139.69, 7.8)
(84.62, -139.71, 7.84)
(82.47, -139.73, 7.87)
(80.31, -139.75, 7.9)
(78.16, -139.77, 7.93)
(76.01, -139.78, 7.96)
(73.85, -139.8, 7.99)
(71.7, -139.81, 8.03)
(69.55, -139.82, 8.06)
(67.4, -139.83, 8.09)
(65.24, -139.85, 8.11)
(63.09, -139.86, 8.14)
(60.94, -139.87, 8.17)
(58.78, -139.88, 8.2)
(56.63, -139.9, 8.22)
(54.48, -139.91, 8.25)
(52.32, -139.92, 8.28)
(50.17, -139.94, 8.3)
(48.02, -139.95, 8.32)
(45.86, -139.96, 8.35)
(43.71, -139.98, 8.37)
(41.56, -139.99, 8.39)
(39.4, -140.01, 8.42)
(37.25, -140.02, 8.44)
(35.1, -140.04, 8.46)
(32.95, -140.05, 8.48)
(30.79, -140.07, 8.51)
(28.64, -140.08, 8.55)
(26.49, -140.08, 8.61)
(24.33, -140.09, 8.67)
(22.18, -140.08, 8.74)
(20.03, -140.08, 8.82)
(17.88, -140.07, 8.91)
(15.73, -140.06, 9.0)
(13.58, -140.04, 9.09)
(11.43, -140.01, 9.19)
(9.27, -139.99, 9.29)
(7.12, -139.95, 9.38)
(4.97, -139.92, 9.46)
(2.82, -139.88, 9.52)
(0.67, -139.83, 9.57)
(-1.49, -139.79, 9.58)
(-3.64, -139.74, 9.55)
(-5.79, -139.69, 9.47)
(-7.94, -139.64, 9.34)
(-10.08, -139.6, 9.14)
(-12.22, -139.56, 8.88)
(-14.36, -139.57, 8.63)
(-16.5, -139.6, 8.41)
(-18.64, -139.61, 8.22)
(-20.79, -139.56, 8.04)
(-22.93, -139.45, 7.88)
(-25.07, -139.25, 7.74)
(-27.2, -138.97, 7.61)
(-29.32, -138.57, 7.5)
(-31.4, -138.05, 7.4)
(-33.45, -137.39, 7.32)
(-35.44, -136.57, 7.26)
(-37.35, -135.58, 7.23)
(-39.16, -134.41, 7.21)
(-40.83, -133.06, 7.23)
(-42.34, -131.53, 7.26)
(-43.64, -129.81, 7.32)
(-44.67, -127.92, 7.38)
(-45.51, -125.94, 7.43)
(-46.21, -123.9, 7.48)
(-46.81, -121.84, 7.52)
(-47.33, -119.75, 7.57)
(-47.79, -117.64, 7.61)
(-48.2, -115.53, 7.66)
(-48.56, -113.41, 7.7)
(-48.88, -111.28, 7.74)
(-49.18, -109.15, 7.78)
(-49.44, -107.01, 7.82)
(-49.68, -104.87, 7.86)
(-49.9, -102.73, 7.9)
(-50.09, -100.58, 7.93)
(-50.27, -98.44, 7.97)
(-50.43, -96.29, 8.01)
(-50.58, -94.14, 8.04)
(-50.72, -91.99, 8.08)
(-50.84, -89.85, 8.11)
(-50.95, -87.7, 8.15)
(-51.05, -85.54, 8.18)
(-51.14, -83.39, 8.22)
(-51.22, -81.24, 8.25)
(-51.29, -79.09, 8.28)
(-51.35, -76.94, 8.31)
(-51.41, -74.79, 8.35)
(-51.46, -72.63, 8.38)
(-51.5, -70.48, 8.41)
(-51.54, -68.33, 8.44)
(-51.57, -66.17, 8.47)
(-51.6, -64.02, 8.5)
(-51.62, -61.87, 8.53)
(-51.63, -59.72, 8.56)
(-51.64, -57.56, 8.59)
(-51.65, -55.41, 8.62)
(-51.65, -53.26, 8.65)
(-51.65, -51.1, 8.68)
(-51.64, -48.95, 8.71)
(-51.63, -46.8, 8.74)
(-51.62, -44.64, 8.76)
(-51.6, -42.49, 8.79)
(-51.59, -40.34, 8.82)
(-51.56, -38.18, 8.85)
(-51.54, -36.03, 8.87)
(-51.51, -33.88, 8.9)
(-51.48, -31.73, 8.93)
(-51.45, -29.57, 8.95)
(-51.41, -27.42, 8.98)
(-51.37, -25.27, 9.01)
(-51.33, -23.11, 9.03)
(-51.29, -20.96, 9.06)
(-51.25, -18.81, 9.08)
(-51.2, -16.66, 9.11)
(-51.16, -14.5, 9.13)
(-51.11, -12.35, 9.15)
(-51.06, -10.2, 9.18)
(-51.01, -8.05, 9.2)
(-50.95, -5.89, 9.23)
(-50.9, -3.74, 9.25)
(-50.84, -1.59, 9.27)
(-50.79, 0.56, 9.3)
(-50.73, 2.72, 9.32)
(-50.67, 4.87, 9.34)
(-50.61, 7.02, 9.36)
(-50.55, 9.17, 9.39)
(-50.48, 11.33, 9.41)
(-50.42, 13.48, 9.43)
(-50.36, 15.63, 9.45)
(-50.29, 17.78, 9.47)
(-50.22, 19.94, 9.49)
(-50.16, 22.09, 9.51)
(-50.09, 24.24, 9.53)
(-50.02, 26.39, 9.55)
(-49.96, 28.54, 9.57)
(-49.89, 30.7, 9.59)
(-49.82, 32.85, 9.61)
(-49.75, 35.0, 9.63)
(-49.68, 37.15, 9.65)
(-49.61, 39.31, 9.67)
(-49.54, 41.46, 9.69)
(-49.47, 43.61, 9.71)
(-49.39, 45.76, 9.73)
(-49.32, 47.91, 9.74)
(-49.25, 50.07, 9.76)
(-49.18, 52.22, 9.78)
(-49.11, 54.37, 9.8)
(-49.04, 56.52, 9.81)
(-48.96, 58.67, 9.83)
(-48.89, 60.83, 9.85)
(-48.82, 62.98, 9.86)
(-48.75, 65.13, 9.88)
(-48.68, 67.28, 9.9)
(-48.61, 69.43, 9.91)
(-48.53, 71.59, 9.93)
(-48.46, 73.74, 9.94)
(-48.39, 75.89, 9.96)
(-48.32, 78.04, 9.97)
(-48.25, 80.19, 9.99)
(-48.18, 82.35, 10.0)
(-48.11, 84.5, 10.01)
(-48.04, 86.65, 10.03)
(-47.98, 88.8, 10.04)
(-47.91, 90.96, 10.05)
(-47.84, 93.11, 10.07)
(-47.77, 95.26, 10.08)
(-47.71, 97.41, 10.09)
(-47.64, 99.56, 10.1)
(-47.57, 101.72, 10.12)
(-47.51, 103.87, 10.13)
(-47.45, 106.02, 10.14)
(-47.38, 108.17, 10.15)
(-47.32, 110.33, 10.16)
(-47.26, 112.48, 10.19)
(-47.2, 114.63, 10.22)
(-47.14, 116.78, 10.25)
(-47.08, 118.94, 10.3)
(-47.02, 121.09, 10.34)
(-46.96, 123.24, 10.4)
(-46.9, 125.39, 10.46)
(-46.84, 127.54, 10.52)
(-46.79, 129.69, 10.58)
(-46.73, 131.85, 10.64)
(-46.67, 134.0, 10.69)
(-46.62, 136.15, 10.75)
(-46.56, 138.3, 10.8)
(-46.51, 140.45, 10.83)
(-46.45, 142.61, 10.86)
(-46.39, 144.76, 10.87)
(-46.33, 146.91, 10.86)
(-46.27, 149.06, 10.83)
(-46.21, 151.22, 10.78)
(-46.15, 153.37, 10.69)
(-46.09, 155.52, 10.56)
(-46.02, 157.66, 10.4)
(-45.95, 159.8, 10.18)
(-45.88, 161.94, 9.92)
(-45.81, 164.07, 9.6)
(-45.73, 166.18, 9.21)
(-45.65, 168.29, 8.76)
(-45.56, 170.37, 8.24)
(-45.47, 172.44, 7.65)
(-45.38, 174.49, 6.98)
(-45.28, 176.51, 6.24)
(-45.17, 178.5, 5.42)
(-45.07, 180.46, 4.54)
(-44.96, 182.38, 3.58)
(-44.84, 184.27, 2.56)
(-44.73, 186.13, 1.48)
(-44.61, 187.95, 0.34)
(-44.48, 189.74, -0.86)
(-44.36, 191.5, -2.1)
(-44.23, 193.22, -3.38)
(-44.1, 194.9, -4.72)
(-43.97, 196.47, -6.2)
(-43.84, 197.9, -7.79)
(-43.71, 199.21, -9.5)
(-43.58, 200.39, -11.29)
(-43.45, 201.44, -13.17)
(-43.32, 202.37, -15.11)
(-43.19, 203.18, -17.1)
(-43.07, 203.89, -19.13)
(-42.94, 204.49, -21.19)
(-42.82, 205.01, -23.28)
(-42.7, 205.45, -25.38)
(-42.58, 205.81, -27.5)
(-42.46, 206.1, -29.63)
(-42.34, 206.33, -31.77)
(-42.22, 206.51, -33.91)
(-42.1, 206.64, -36.06)
(-41.98, 206.72, -38.2)
(-41.86, 206.76, -40.35)
(-41.73, 206.76, -42.5)
(-41.61, 206.73, -44.65)
(-41.48, 206.68, -46.8)
(-41.34, 206.6, -48.95)
(-41.21, 206.5, -51.1)
(-41.06, 206.4, -53.24)
(-40.91, 206.29, -55.39)
(-40.74, 206.2, -57.53)
(-40.57, 206.12, -59.68)
(-40.46, 206.06, -61.83)
(-40.37, 206.0, -63.98)
(-40.31, 205.94, -66.13)
(-40.25, 205.88, -68.28)
(-40.2, 205.83, -70.43)
(-40.16, 205.78, -72.59)
(-40.12, 205.73, -74.74)
(-40.09, 205.68, -76.89)
(-40.06, 205.64, -79.04)
(-40.04, 205.6, -81.2)
(-40.02, 205.56, -83.35)
(-39.99, 205.52, -85.5)
(-39.98, 205.49, -87.65)
(-39.96, 205.45, -89.81)
(-39.94, 205.42, -91.96)
(-39.93, 205.4, -94.11)
(-39.91, 205.37, -96.27)
(-39.9, 205.35, -98.42)
(-39.89, 205.33, -100.57)
(-39.88, 205.32, -102.73)
(-39.87, 205.31, -104.88)
(-39.86, 205.3, -107.03)
(-39.85, 205.3, -109.19)
(-39.84, 205.3, -111.34)
(-39.83, 205.3, -113.49)
(-39.82, 205.31, -115.65)
(-39.81, 205.32, -117.8)
(-39.8, 205.33, -119.95)
(-39.79, 205.34, -122.11)
(-39.78, 205.35, -124.26)
(-39.77, 205.37, -126.41)
(-39.75, 205.38, -128.57)
(-39.74, 205.39, -130.72)
(-39.72, 205.4, -132.87)
(-39.71, 205.41, -135.03)
(-39.69, 205.42, -137.18)
(-39.66, 205.43, -139.33)
(-39.64, 205.44, -141.49)
(-39.61, 205.45, -143.64)
(-39.57, 205.46, -145.79)
(-39.52, 205.47, -147.94)
(-39.34, 205.47, -149.4)
(-39.21, 205.45, -147.25)
(-39.12, 205.42, -145.1)
(-38.95, 205.37, -143.79)
(-38.89, 205.35, -145.94)
(-38.87, 205.35, -148.09)
(-38.85, 205.34, -150.25)
(-38.84, 205.34, -152.4)
