(-125.63, 32.00, 405.04)
(-121.63, 31.91, 405.04)
(-117.63, 31.81, 405.04)
(-113.64, 31.68, 405.04)
(-109.64, 31.54, 405.04)
(-105.64, 31.38, 405.04)
(-101.65, 31.21, 405.04)
(-97.65, 31.01, 405.04)
(-93.66, 30.80, 405.04)
(-89.66, 30.58, 405.04)
(-85.67, 30.35, 405.04)
(-81.68, 30.10, 405.04)
(-77.68, 29.85, 405.04)
(-73.69, 29.59, 405.04)
(-69.70, 29.33, 405.04)
(-65.71, 29.06, 405.04)
(-61.72, 28.78, 405.04)
(-57.73, 28.51, 405.04)
(-53.74, 28.24, 405.04)
(-49.75, 27.96, 405.04)
(-45.76, 27.69, 405.04)
(-41.77, 27.41, 405.04)
(-37.78, 27.14, 405.04)
(-33.78, 26.87, 405.04)
(-29.79, 26.60, 405.04)
(-25.80, 26.33, 405.04)
(-21.81, 26.07, 405.04)
(-17.82, 25.81, 405.04)
(-13.83, 25.55, 405.04)
(-9.84, 25.29, 405.04)
(-5.85, 25.03, 405.04)
(-1.85, 24.76, 405.04)
(2.12, 24.30, 405.04)
(6.05, 23.58, 405.05)
(9.95, 22.67, 405.06)
(13.80, 21.60, 405.08)
(17.61, 20.40, 405.10)
(21.39, 19.09, 405.12)
(25.14, 17.69, 405.14)
(28.86, 16.22, 405.16)
(32.55, 14.68, 405.18)
(36.22, 13.08, 405.20)
(39.87, 11.44, 405.23)
(43.49, 9.75, 405.25)
(47.10, 8.02, 405.27)
(50.69, 6.27, 405.30)
(54.27, 4.48, 405.32)
(57.84, 2.66, 405.35)
(61.39, 0.83, 405.37)
(64.93, -1.03, 405.39)
(68.47, -2.91, 405.41)
(71.99, -4.79, 405.44)
(75.51, -6.70, 405.46)
(79.02, -8.61, 405.48)
(82.53, -10.53, 405.50)
(86.04, -12.46, 405.52)
(89.54, -14.39, 405.54)
(93.04, -16.33, 405.56)
(96.54, -18.27, 405.57)
(100.04, -20.21, 405.59)
(103.53, -22.14, 405.60)
(107.04, -24.08, 405.61)
(110.54, -26.01, 405.62)
(114.05, -27.93, 405.63)
(117.56, -29.84, 405.64)
(121.08, -31.74, 405.65)
(124.61, -33.62, 405.65)
(128.15, -35.49, 405.65)
(131.70, -37.34, 405.65)
(135.26, -39.16, 405.65)
(138.83, -40.95, 405.64)
(142.42, -42.72, 405.63)
(146.03, -44.44, 405.61)
(149.67, -46.11, 405.59)
(153.32, -47.73, 405.57)
(157.01, -49.28, 405.54)
(160.73, -50.76, 405.50)
(164.49, -52.13, 405.45)
(168.29, -53.38, 405.39)
(172.13, -54.46, 405.32)
(176.04, -55.33, 405.24)
(179.99, -55.89, 405.13)
(183.99, -56.03, 404.99)
(187.98, -55.77, 404.86)
(191.93, -55.19, 404.75)
(195.84, -54.37, 404.65)
(199.71, -53.34, 404.57)
(203.52, -52.14, 404.50)
(207.30, -50.81, 404.43)
(211.03, -49.37, 404.38)
(214.72, -47.82, 404.33)
(218.37, -46.20, 404.28)
(221.99, -44.50, 404.24)
(225.58, -42.74, 404.21)
(229.15, -40.93, 404.17)
(232.69, -39.07, 404.14)
(236.21, -37.18, 404.12)
(239.72, -35.24, 404.09)
(243.20, -33.28, 404.07)
(246.67, -31.29, 404.05)
(250.12, -29.27, 404.03)
(253.57, -27.24, 404.01)
(257.00, -25.19, 403.99)
(260.43, -23.12, 403.97)
(263.85, -21.05, 403.96)
(267.26, -18.96, 403.94)
(270.67, -16.87, 403.92)
(274.08, -14.78, 403.90)
(277.48, -12.68, 403.89)
(280.89, -10.58, 403.87)
(284.30, -8.48, 403.85)
(287.71, -6.39, 403.83)
(291.12, -4.31, 403.81)
(294.54, -2.23, 403.78)
(297.97, -0.17, 403.76)
(301.40, 1.87, 403.73)
(304.85, 3.90, 403.70)
(308.31, 5.91, 403.67)
(311.79, 7.89, 403.63)
(315.28, 9.85, 403.60)
(318.79, 11.76, 403.55)
(322.32, 13.64, 403.51)
(325.87, 15.47, 403.46)
(329.46, 17.25, 403.40)
(333.07, 18.97, 403.34)
(336.72, 20.61, 403.26)
(340.40, 22.16, 403.18)
(344.13, 23.61, 403.09)
(347.90, 24.93, 402.99)
(351.73, 26.09, 402.88)
(355.62, 27.00, 402.77)
(359.57, 27.64, 402.70)
(363.54, 28.14, 402.64)
(367.51, 28.54, 402.60)
(371.50, 28.88, 402.57)
(375.49, 29.16, 402.55)
(379.48, 29.41, 402.53)
(383.48, 29.63, 402.51)
(387.47, 29.82, 402.50)
(391.47, 29.98, 402.49)
(395.47, 30.13, 402.49)
(399.46, 30.26, 402.48)
(403.46, 30.38, 402.48)
(407.46, 30.48, 402.48)
(411.46, 30.57, 402.49)
(415.46, 30.65, 402.49)
(419.46, 30.72, 402.50)
(423.46, 30.78, 402.51)
(427.46, 30.84, 402.51)
(431.46, 30.88, 402.52)
(435.46, 30.92, 402.53)
(439.46, 30.96, 402.55)
(443.46, 30.99, 402.56)
(447.46, 31.01, 402.57)
(451.46, 31.03, 402.59)
(455.46, 31.05, 402.60)
(459.46, 31.06, 402.62)
(463.46, 31.06, 402.63)
(467.46, 31.07, 402.65)
(471.46, 31.07, 402.67)
(475.46, 31.07, 402.69)
(479.46, 31.07, 402.71)
(483.46, 31.07, 402.73)
(487.46, 31.06, 402.75)
(491.46, 31.06, 402.77)
(495.46, 31.05, 402.79)
(499.46, 31.05, 402.81)
(503.46, 31.05, 402.83)
(507.46, 31.05, 402.86)
(511.46, 31.05, 402.88)
(515.46, 31.07, 402.90)
(519.45, 31.09, 402.93)
(523.45, 31.12, 402.95)
