(-96.63, -184.3, 145.11)
(-96.78, -184.15, 142.52)
(-96.92, -183.98, 139.93)
(-97.06, -183.78, 137.35)
(-97.18, -183.56, 134.76)
(-97.3, -183.31, 132.18)
(-97.41, -183.03, 129.61)
(-97.51, -182.71, 127.03)
(-97.6, -182.36, 124.46)
(-97.69, -181.96, 121.9)
(-97.76, -181.53, 119.34)
(-97.83, -181.06, 116.79)
(-97.89, -180.54, 114.25)
(-97.94, -179.97, 111.71)
(-97.99, -179.37, 109.19)
(-98.03, -178.72, 106.68)
(-98.07, -178.03, 104.17)
(-98.1, -177.31, 101.68)
(-98.13, -176.54, 99.2)
(-98.16, -175.75, 96.73)
(-98.19, -174.93, 94.27)
(-98.22, -174.08, 91.81)
(-98.25, -173.19, 89.38)
(-98.26, -172.21, 86.97)
(-98.25, -171.12, 84.62)
(-98.22, -169.88, 82.34)
(-98.16, -168.46, 80.17)
(-98.09, -166.85, 78.14)
(-98.0, -165.05, 76.27)
(-97.89, -163.09, 74.57)
(-97.78, -161.0, 73.04)
(-97.66, -158.81, 71.65)
(-97.53, -156.54, 70.39)
(-97.41, -154.23, 69.23)
(-97.28, -151.87, 68.14)
(-97.16, -149.48, 67.13)
(-97.04, -147.07, 66.17)
(-96.92, -144.65, 65.25)
(-96.8, -142.21, 64.37)
(-96.68, -139.76, 63.52)
(-96.57, -137.31, 62.68)
(-96.47, -134.86, 61.84)
(-96.38, -132.4, 60.99)
(-96.3, -129.95, 60.15)
(-96.23, -127.49, 59.31)
(-96.17, -125.04, 58.48)
(-96.12, -122.58, 57.65)
(-96.08, -120.11, 56.83)
(-96.04, -117.65, 56.03)
(-95.98, -115.17, 55.25)
(-95.9, -112.69, 54.49)
(-95.79, -110.2, 53.75)
(-95.66, -107.71, 53.03)
(-95.49, -105.22, 52.32)
(-95.31, -102.73, 51.61)
(-95.1, -100.24, 50.92)
(-94.88, -97.75, 50.22)
(-94.64, -95.26, 49.53)
(-94.4, -92.77, 48.84)
(-94.15, -90.28, 48.15)
(-93.89, -87.79, 47.45)
(-93.63, -85.3, 46.75)
(-93.36, -82.82, 46.05)
(-93.09, -80.34, 45.34)
(-92.81, -77.86, 44.62)
(-92.53, -75.39, 43.89)
(-92.23, -72.91, 43.16)
(-91.93, -70.44, 42.41)
(-91.63, -67.98, 41.66)
(-91.33, -65.52, 40.9)
(-91.03, -63.05, 40.13)
(-90.75, -60.59, 39.37)
(-90.47, -58.12, 38.62)
(-90.21, -55.65, 37.87)
(-89.96, -53.17, 37.13)
(-89.72, -50.69, 36.4)
(-89.49, -48.21, 35.68)
(-89.26, -45.73, 34.96)
(-89.04, -43.24, 34.25)
(-88.83, -40.75, 33.55)
(-88.61, -38.26, 32.85)
(-88.39, -35.77, 32.14)
(-88.15, -33.28, 31.44)
(-87.9, -30.8, 30.74)
(-87.63, -28.31, 30.04)
(-87.34, -25.83, 29.34)
(-87.02, -23.35, 28.64)
(-86.66, -20.88, 27.94)
(-86.27, -18.41, 27.24)
(-85.83, -15.95, 26.55)
(-85.37, -13.49, 25.85)
(-84.88, -11.03, 25.17)
(-84.38, -8.58, 24.48)
(-83.88, -6.13, 23.8)
(-83.38, -3.67, 23.11)
(-82.89, -1.22, 22.43)
(-82.41, 1.24, 21.75)
(-81.93, 3.7, 21.07)
(-81.47, 6.16, 20.39)
(-81.02, 8.62, 19.7)
(-80.56, 11.09, 19.02)
(-80.1, 13.54, 18.33)
(-79.61, 15.99, 17.62)
(-79.1, 18.43, 16.9)
(-78.58, 20.87, 16.17)
(-78.04, 23.3, 15.42)
(-77.51, 25.72, 14.66)
(-77.0, 28.15, 13.9)
(-76.52, 30.59, 13.14)
(-76.09, 33.03, 12.4)
(-75.7, 35.49, 11.67)
(-75.34, 37.96, 10.95)
(-75.02, 40.44, 10.25)
(-74.71, 42.92, 9.56)
(-74.42, 45.41, 8.87)
(-74.09, 47.89, 8.18)
(-73.71, 50.36, 7.47)
(-73.28, 52.81, 6.75)
(-72.77, 55.25, 6.02)
(-72.2, 57.67, 5.27)
(-71.56, 60.07, 4.52)
(-70.85, 62.45, 3.77)
(-70.11, 64.83, 3.02)
(-69.35, 67.2, 2.3)
(-68.61, 69.58, 1.59)
(-67.9, 71.99, 0.91)
(-67.24, 74.41, 0.26)
(-66.64, 76.86, -0.37)
(-66.08, 79.32, -0.99)
(-65.54, 81.78, -1.6)
(-65.0, 84.24, -2.22)
(-64.46, 86.7, -2.84)
(-63.94, 89.16, -3.48)
(-63.42, 91.62, -4.13)
(-62.92, 94.08, -4.79)
(-62.42, 96.54, -5.48)
(-61.94, 98.99, -6.18)
(-61.46, 101.43, -6.9)
(-60.98, 103.88, -7.63)
(-60.49, 106.32, -8.37)
(-60.0, 108.76, -9.11)
(-59.5, 111.2, -9.84)
(-59.0, 113.64, -10.57)
(-58.49, 116.08, -11.29)
(-57.98, 118.52, -12.01)
(-57.46, 120.96, -12.73)
(-56.94, 123.4, -13.43)
(-56.41, 125.85, -14.13)
(-55.88, 128.29, -14.82)
(-55.35, 130.74, -15.5)
(-54.81, 133.19, -16.18)
(-54.25, 135.64, -16.84)
(-53.69, 138.09, -17.49)
(-53.12, 140.53, -18.13)
(-52.53, 142.98, -18.76)
(-51.93, 145.43, -19.38)
(-51.31, 147.87, -20.0)
(-50.67, 150.31, -20.62)
(-50.01, 152.75, -21.23)
(-49.33, 155.17, -21.85)
(-48.64, 157.59, -22.48)
(-47.93, 160.01, -23.12)
(-47.21, 162.41, -23.77)
(-46.48, 164.81, -24.44)
(-45.74, 167.21, -25.13)
(-45.0, 169.6, -25.82)
(-44.26, 171.98, -26.54)
(-43.51, 174.36, -27.26)
(-42.77, 176.74, -27.98)
(-42.03, 179.11, -28.71)
(-41.28, 181.49, -29.44)
(-40.53, 183.87, -30.17)
(-39.77, 186.24, -30.9)
(-39.0, 188.6, -31.64)
(-38.2, 190.96, -32.39)
(-37.37, 193.3, -33.14)
(-36.49, 195.62, -33.89)
(-35.54, 197.92, -34.65)
(-34.54, 200.19, -35.41)
(-33.49, 202.43, -36.17)
(-32.4, 204.66, -36.93)
(-31.27, 206.88, -37.69)
(-30.1, 209.07, -38.43)
(-28.85, 211.23, -39.14)
(-27.51, 213.34, -39.84)
(-26.09, 215.41, -40.51)
(-24.57, 217.41, -41.15)
(-22.92, 219.32, -41.76)
(-21.14, 221.12, -42.33)
(-19.15, 222.71, -42.83)
(-16.96, 224.03, -43.27)
(-14.66, 225.14, -43.73)
(-12.28, 226.06, -44.2)
(-9.84, 226.78, -44.68)
(-7.34, 227.31, -45.16)
(-4.81, 227.66, -45.64)
(-2.27, 227.83, -46.1)
(0.29, 227.84, -46.55)
(2.85, 227.7, -46.97)
(5.39, 227.4, -47.37)
(7.93, 226.97, -47.74)
(10.44, 226.41, -48.08)
(12.92, 225.72, -48.38)
(15.37, 224.87, -48.55)
(17.76, 223.86, -48.59)
(20.07, 222.69, -48.51)
(22.3, 221.38, -48.32)
(24.43, 219.92, -48.03)
(26.44, 218.32, -47.65)
(28.33, 216.6, -47.2)
(30.07, 214.75, -46.69)
(31.66, 212.78, -46.12)
(33.08, 210.69, -45.52)
(34.32, 208.5, -44.89)
(35.36, 206.21, -44.25)
(36.35, 203.9, -43.61)
(37.32, 201.58, -42.96)
(38.28, 199.26, -42.31)
(39.2, 196.92, -41.64)
(40.06, 194.57, -40.96)
(40.85, 192.2, -40.26)
(41.59, 189.82, -39.54)
(42.3, 187.43, -38.81)
(42.99, 185.04, -38.08)
(43.68, 182.64, -37.34)
(44.36, 180.25, -36.6)
(45.05, 177.86, -35.87)
(45.74, 175.47, -35.13)
(46.41, 173.07, -34.4)
(47.05, 170.66, -33.67)
(47.66, 168.25, -32.94)
(48.23, 165.81, -32.24)
(48.76, 163.37, -31.56)
(49.28, 160.9, -30.92)
(49.8, 158.44, -30.31)
(50.34, 155.97, -29.72)
(50.91, 153.5, -29.16)
(51.51, 151.04, -28.6)
(52.14, 148.58, -28.04)
(52.78, 146.13, -27.49)
(53.43, 143.67, -26.93)
(54.08, 141.22, -26.37)
(54.73, 138.78, -25.81)
(55.39, 136.33, -25.24)
(56.03, 133.88, -24.66)
(56.67, 131.44, -24.07)
(57.3, 129.0, -23.46)
(57.91, 126.55, -22.82)
(58.5, 124.11, -22.16)
(59.05, 121.67, -21.48)
(59.58, 119.23, -20.78)
(60.08, 116.79, -20.06)
(60.56, 114.34, -19.32)
(61.03, 111.9, -18.58)
(61.48, 109.45, -17.84)
(61.92, 107.01, -17.09)
(62.37, 104.56, -16.35)
(62.86, 102.12, -15.61)
(63.4, 99.69, -14.89)
(63.98, 97.26, -14.18)
(64.61, 94.84, -13.49)
(65.26, 92.42, -12.81)
(65.94, 90.0, -12.15)
(66.63, 87.58, -11.51)
(67.3, 85.16, -10.87)
(67.97, 82.73, -10.24)
(68.62, 80.3, -9.6)
(69.25, 77.86, -8.97)
(69.86, 75.42, -8.34)
(70.46, 72.97, -7.71)
(71.05, 70.53, -7.08)
(71.62, 68.07, -6.44)
(72.18, 65.62, -5.81)
(72.73, 63.17, -5.17)
(73.28, 60.71, -4.53)
(73.83, 58.26, -3.89)
(74.37, 55.8, -3.24)
(74.91, 53.35, -2.59)
(75.44, 50.89, -1.94)
(75.98, 48.44, -1.28)
(76.5, 45.98, -0.62)
(77.03, 43.53, 0.04)
(77.55, 41.07, 0.7)
(78.06, 38.62, 1.37)
(78.57, 36.16, 2.04)
(79.08, 33.71, 2.7)
(79.58, 31.25, 3.37)
(80.07, 28.79, 4.04)
(80.56, 26.33, 4.71)
(81.04, 23.87, 5.38)
(81.52, 21.4, 6.04)
(81.99, 18.94, 6.71)
(82.46, 16.47, 7.36)
(82.92, 14.0, 8.02)
(83.37, 11.53, 8.66)
(83.82, 9.05, 9.3)
(84.26, 6.57, 9.93)
(84.7, 4.09, 10.54)
(85.13, 1.6, 11.15)
(85.56, -0.89, 11.74)
