(-125.58, 26.42, 415.21)
(-122.71, 26.37, 415.21)
(-119.84, 26.34, 415.20)
(-116.97, 26.33, 415.20)
(-114.10, 26.33, 415.20)
(-111.23, 26.36, 415.20)
(-108.36, 26.39, 415.20)
(-105.49, 26.44, 415.20)
(-102.62, 26.50, 415.20)
(-99.75, 26.56, 415.20)
(-96.88, 26.64, 415.20)
(-94.02, 26.72, 415.20)
(-91.15, 26.80, 415.19)
(-88.28, 26.88, 415.19)
(-85.41, 26.96, 415.19)
(-82.54, 27.04, 415.19)
(-79.67, 27.11, 415.19)
(-76.80, 27.18, 415.19)
(-73.93, 27.23, 415.18)
(-71.06, 27.28, 415.18)
(-68.19, 27.32, 415.18)
(-65.32, 27.35, 415.18)
(-62.45, 27.37, 415.18)
(-59.58, 27.38, 415.18)
(-56.71, 27.38, 415.18)
(-53.84, 27.36, 415.17)
(-50.97, 27.34, 415.17)
(-48.10, 27.30, 415.17)
(-45.23, 27.25, 415.17)
(-42.37, 27.20, 415.17)
(-39.50, 27.13, 415.17)
(-36.63, 27.05, 415.17)
(-33.76, 26.96, 415.17)
(-30.89, 26.86, 415.17)
(-28.02, 26.76, 415.17)
(-25.15, 26.64, 415.17)
(-22.29, 26.52, 415.17)
(-19.42, 26.38, 415.17)
(-16.55, 26.24, 415.17)
(-13.69, 26.09, 415.17)
(-10.82, 25.93, 415.17)
(-7.96, 25.77, 415.17)
(-5.09, 25.60, 415.17)
(-2.23, 25.41, 415.17)
(0.63, 25.14, 415.17)
(3.47, 24.77, 415.17)
(6.31, 24.32, 415.18)
(9.13, 23.80, 415.18)
(11.95, 23.25, 415.19)
(14.76, 22.65, 415.20)
(17.56, 22.02, 415.21)
(20.35, 21.37, 415.22)
(23.14, 20.68, 415.23)
(25.92, 19.98, 415.24)
(28.70, 19.26, 415.25)
(31.47, 18.52, 415.26)
(34.24, 17.77, 415.27)
(37.01, 17.01, 415.29)
(39.77, 16.23, 415.30)
(42.53, 15.44, 415.31)
(45.29, 14.64, 415.32)
(48.04, 13.83, 415.33)
(50.79, 13.02, 415.35)
(53.54, 12.19, 415.36)
(56.29, 11.36, 415.37)
(59.03, 10.52, 415.38)
(61.77, 9.68, 415.39)
(64.52, 8.82, 415.41)
(67.25, 7.97, 415.42)
(69.99, 7.11, 415.43)
(72.73, 6.24, 415.44)
(75.46, 5.37, 415.45)
(78.20, 4.50, 415.47)
(80.93, 3.62, 415.48)
(83.66, 2.74, 415.49)
(86.39, 1.85, 415.50)
(89.12, 0.96, 415.51)
(91.85, 0.07, 415.52)
(94.57, -0.82, 415.54)
(97.30, -1.72, 415.55)
(100.03, -2.62, 415.56)
(102.75, -3.52, 415.57)
(105.48, -4.42, 415.58)
(108.20, -5.33, 415.59)
(110.92, -6.23, 415.60)
(113.64, -7.14, 415.61)
(116.37, -8.05, 415.62)
(119.09, -8.96, 415.63)
(121.81, -9.88, 415.64)
(124.53, -10.79, 415.65)
(127.25, -11.70, 415.66)
(129.97, -12.62, 415.67)
(132.69, -13.53, 415.68)
(135.41, -14.45, 415.69)
(138.13, -15.37, 415.70)
(140.85, -16.28, 415.71)
(143.57, -17.20, 415.72)
(146.29, -18.12, 415.73)
(149.01, -19.03, 415.73)
(151.73, -19.95, 415.74)
(154.45, -20.87, 415.75)
(157.17, -21.78, 415.76)
(159.89, -22.70, 415.76)
(162.61, -23.61, 415.77)
(165.33, -24.53, 415.78)
(168.05, -25.44, 415.78)
(170.77, -26.35, 415.79)
(173.49, -27.27, 415.79)
(176.21, -28.18, 415.80)
(178.94, -29.08, 415.80)
(181.66, -29.99, 415.81)
(184.38, -30.89, 415.81)
(187.11, -31.80, 415.81)
(189.83, -32.70, 415.82)
(192.56, -33.60, 415.82)
(195.28, -34.49, 415.82)
(198.01, -35.38, 415.82)
(200.74, -36.27, 415.82)
(203.47, -37.16, 415.82)
(206.20, -38.04, 415.82)
(208.93, -38.92, 415.82)
(211.67, -39.80, 415.82)
(214.40, -40.67, 415.82)
(217.14, -41.53, 415.82)
(219.88, -42.39, 415.81)
(222.62, -43.25, 415.81)
(225.36, -44.10, 415.80)
(228.10, -44.94, 415.79)
(230.85, -45.77, 415.79)
(233.60, -46.60, 415.78)
(236.35, -47.42, 415.77)
(239.10, -48.23, 415.76)
(241.86, -49.02, 415.74)
(244.62, -49.81, 415.73)
(247.38, -50.58, 415.71)
(250.15, -51.34, 415.69)
(252.92, -52.08, 415.67)
(255.70, -52.80, 415.65)
(258.48, -53.50, 415.62)
(261.27, -54.18, 415.59)
(264.07, -54.82, 415.56)
(266.87, -55.43, 415.52)
(269.69, -56.00, 415.48)
(272.51, -56.50, 415.43)
(275.35, -56.94, 415.37)
(278.20, -57.26, 415.30)
(281.06, -57.43, 415.21)
(283.93, -57.38, 415.11)
(286.78, -57.10, 415.01)
(289.61, -56.62, 414.92)
(292.39, -55.95, 414.84)
(295.13, -55.08, 414.76)
(297.79, -54.02, 414.69)
(300.39, -52.80, 414.62)
(302.92, -51.45, 414.56)
(305.37, -49.96, 414.51)
(307.76, -48.37, 414.46)
(310.07, -46.67, 414.42)
(312.32, -44.88, 414.38)
(314.51, -43.03, 414.34)
(316.64, -41.11, 414.31)
(318.72, -39.14, 414.28)
(320.76, -37.12, 414.25)
(322.76, -35.06, 414.23)
(324.72, -32.96, 414.20)
(326.65, -30.84, 414.18)
(328.55, -28.69, 414.16)
(330.43, -26.52, 414.14)
(332.29, -24.33, 414.12)
(334.14, -22.13, 414.10)
(335.97, -19.92, 414.09)
(337.79, -17.71, 414.07)
(339.61, -15.49, 414.05)
(341.42, -13.26, 414.03)
(343.24, -11.04, 414.01)
(345.07, -8.83, 413.99)
(346.90, -6.62, 413.97)
(348.74, -4.42, 413.95)
(350.60, -2.23, 413.93)
(352.48, -0.06, 413.90)
(354.38, 2.09, 413.88)
(356.31, 4.21, 413.85)
(358.26, 6.31, 413.82)
(360.26, 8.38, 413.78)
(362.28, 10.41, 413.75)
(364.36, 12.40, 413.71)
(366.48, 14.33, 413.66)
(368.65, 16.20, 413.61)
(370.87, 18.01, 413.56)
(373.16, 19.75, 413.50)
(375.51, 21.40, 413.44)
(377.92, 22.95, 413.37)
(380.39, 24.40, 413.30)
(382.94, 25.73, 413.22)
(385.55, 26.92, 413.13)
(388.22, 27.95, 413.03)
(390.95, 28.82, 412.93)
(393.74, 29.51, 412.85)
(396.56, 30.05, 412.78)
(399.39, 30.49, 412.73)
(402.24, 30.87, 412.69)
(405.09, 31.18, 412.65)
(407.95, 31.45, 412.63)
(410.81, 31.68, 412.60)
(413.67, 31.89, 412.58)
(416.53, 32.06, 412.57)
(419.40, 32.20, 412.55)
(422.27, 32.33, 412.54)
(425.13, 32.44, 412.53)
(428.00, 32.53, 412.53)
(430.87, 32.61, 412.53)
(433.74, 32.68, 412.52)
(436.61, 32.73, 412.52)
(439.48, 32.77, 412.53)
(442.35, 32.80, 412.53)
(445.22, 32.82, 412.53)
(448.09, 32.84, 412.54)
(450.96, 32.85, 412.55)
(453.83, 32.84, 412.55)
(456.70, 32.84, 412.56)
(459.57, 32.83, 412.57)
(462.44, 32.81, 412.58)
(465.31, 32.79, 412.59)
(468.18, 32.76, 412.61)
(471.05, 32.73, 412.62)
(473.92, 32.69, 412.63)
(476.79, 32.66, 412.65)
(479.66, 32.61, 412.66)
(482.53, 32.57, 412.68)
(485.40, 32.53, 412.69)
(488.27, 32.48, 412.71)
(491.14, 32.43, 412.73)
(494.01, 32.38, 412.74)
(496.88, 32.33, 412.76)
(499.75, 32.28, 412.78)
(502.61, 32.23, 412.80)
(505.48, 32.18, 412.82)
(508.35, 32.13, 412.84)
(511.22, 32.09, 412.85)
(514.09, 32.04, 412.87)
(516.96, 32.00, 412.89)
(519.83, 31.97, 412.91)
(522.70, 31.94, 412.93)
(525.57, 31.91, 412.95)
(528.44, 31.89, 412.97)
(531.31, 31.89, 412.99)
(534.18, 31.89, 413.01)
(537.05, 31.91, 413.03)
