(-325.58, 26.42, 15.21)
(-323.21, 26.38, 15.21)
(-320.84, 26.35, 15.2)
(-318.47, 26.33, 15.2)
(-316.1, 26.33, 15.2)
(-313.73, 26.34, 15.2)
(-311.36, 26.35, 15.2)
(-308.99, 26.38, 15.2)
(-306.62, 26.42, 15.2)
(-304.25, 26.46, 15.2)
(-301.87, 26.51, 15.2)
(-299.5, 26.57, 15.2)
(-297.13, 26.63, 15.2)
(-294.76, 26.7, 15.2)
(-292.39, 26.76, 15.19)
(-290.02, 26.83, 15.19)
(-287.65, 26.9, 15.19)
(-285.28, 26.97, 15.19)
(-282.91, 27.03, 15.19)
(-280.54, 27.09, 15.19)
(-278.17, 27.15, 15.19)
(-275.8, 27.2, 15.19)
(-273.43, 27.24, 15.18)
(-271.06, 27.28, 15.18)
(-268.69, 27.32, 15.18)
(-266.32, 27.34, 15.18)
(-263.95, 27.36, 15.18)
(-261.58, 27.38, 15.18)
(-259.21, 27.38, 15.18)
(-256.84, 27.38, 15.18)
(-254.47, 27.37, 15.18)
(-252.1, 27.35, 15.17)
(-249.73, 27.32, 15.17)
(-247.36, 27.29, 15.17)
(-244.99, 27.25, 15.17)
(-242.61, 27.2, 15.17)
(-240.24, 27.15, 15.17)
(-237.87, 27.09, 15.17)
(-235.5, 27.02, 15.17)
(-233.13, 26.94, 15.17)
(-230.77, 26.86, 15.17)
(-228.4, 26.77, 15.17)
(-226.03, 26.68, 15.17)
(-223.66, 26.58, 15.17)
(-221.29, 26.47, 15.17)
(-218.92, 26.36, 15.17)
(-216.55, 26.24, 15.17)
(-214.19, 26.12, 15.17)
(-211.82, 25.99, 15.17)
(-209.45, 25.85, 15.17)
(-207.08, 25.72, 15.17)
(-204.72, 25.57, 15.17)
(-202.35, 25.42, 15.17)
(-199.99, 25.21, 15.17)
(-197.64, 24.92, 15.17)
(-195.29, 24.58, 15.17)
(-192.95, 24.19, 15.18)
(-190.62, 23.76, 15.18)
(-188.3, 23.3, 15.19)
(-185.98, 22.81, 15.2)
(-183.66, 22.3, 15.21)
(-181.35, 21.77, 15.21)
(-179.04, 21.22, 15.22)
(-176.74, 20.65, 15.23)
(-174.44, 20.07, 15.24)
(-172.15, 19.48, 15.25)
(-169.85, 18.88, 15.26)
(-167.56, 18.26, 15.27)
(-165.28, 17.64, 15.28)
(-162.99, 17.01, 15.29)
(-160.71, 16.36, 15.3)
(-158.43, 15.71, 15.31)
(-156.15, 15.06, 15.31)
(-153.88, 14.39, 15.32)
(-151.6, 13.73, 15.33)
(-149.33, 13.05, 15.34)
(-147.06, 12.37, 15.35)
(-144.79, 11.69, 15.36)
(-142.52, 10.99, 15.37)
(-140.25, 10.3, 15.38)
(-137.99, 9.6, 15.39)
(-135.72, 8.9, 15.4)
(-133.46, 8.19, 15.41)
(-131.2, 7.48, 15.42)
(-128.94, 6.77, 15.43)
(-126.68, 6.05, 15.44)
(-124.42, 5.33, 15.45)
(-122.16, 4.61, 15.46)
(-119.9, 3.89, 15.47)
(-117.65, 3.16, 15.48)
(-115.39, 2.43, 15.49)
(-113.14, 1.7, 15.5)
(-110.88, 0.96, 15.51)
(-108.63, 0.23, 15.52)
(-106.37, -0.51, 15.53)
(-104.12, -1.25, 15.54)
(-101.87, -1.99, 15.55)
(-99.62, -2.74, 15.56)
(-97.37, -3.48, 15.57)
(-95.12, -4.23, 15.58)
(-92.87, -4.97, 15.59)
(-90.62, -5.72, 15.6)
(-88.37, -6.47, 15.61)
(-86.12, -7.22, 15.61)
(-83.87, -7.97, 15.62)
(-81.62, -8.73, 15.63)
(-79.37, -9.48, 15.64)
(-77.13, -10.23, 15.65)
(-74.88, -10.99, 15.66)
(-72.63, -11.74, 15.66)
(-70.38, -12.5, 15.67)
(-68.14, -13.25, 15.68)
(-65.89, -14.01, 15.69)
(-63.64, -14.77, 15.7)
(-61.4, -15.53, 15.7)
(-59.15, -16.28, 15.71)
(-56.9, -17.04, 15.72)
(-54.66, -17.8, 15.72)
(-52.41, -18.56, 15.73)
(-50.16, -19.31, 15.74)
(-47.92, -20.07, 15.74)
(-45.67, -20.83, 15.75)
(-43.42, -21.59, 15.76)
(-41.18, -22.34, 15.76)
(-38.93, -23.1, 15.77)
(-36.68, -23.85, 15.77)
(-34.44, -24.61, 15.78)
(-32.19, -25.36, 15.78)
(-29.94, -26.12, 15.79)
(-27.69, -26.87, 15.79)
(-25.44, -27.62, 15.8)
(-23.2, -28.37, 15.8)
(-20.95, -29.12, 15.8)
(-18.7, -29.87, 15.81)
(-16.45, -30.62, 15.81)
(-14.2, -31.37, 15.81)
(-11.95, -32.11, 15.82)
(-9.69, -32.85, 15.82)
(-7.44, -33.6, 15.82)
(-5.19, -34.34, 15.82)
(-2.94, -35.07, 15.82)
(-0.68, -35.81, 15.82)
(1.57, -36.54, 15.82)
(3.83, -37.28, 15.82)
(6.08, -38.0, 15.82)
(8.34, -38.73, 15.82)
(10.6, -39.46, 15.82)
(12.86, -40.18, 15.82)
(15.12, -40.89, 15.82)
(17.38, -41.61, 15.81)
(19.64, -42.32, 15.81)
(21.9, -43.03, 15.81)
(24.16, -43.73, 15.8)
(26.43, -44.43, 15.8)
(28.7, -45.12, 15.79)
(30.97, -45.81, 15.79)
(33.24, -46.49, 15.78)
(35.51, -47.17, 15.77)
(37.78, -47.84, 15.76)
(40.06, -48.5, 15.75)
(42.34, -49.16, 15.74)
(44.62, -49.81, 15.73)
(46.9, -50.45, 15.71)
(49.19, -51.08, 15.7)
(51.47, -51.7, 15.68)
(53.77, -52.3, 15.67)
(56.06, -52.9, 15.65)
(58.36, -53.47, 15.62)
(60.66, -54.04, 15.6)
(62.97, -54.58, 15.58)
(65.29, -55.09, 15.55)
(67.61, -55.58, 15.51)
(69.93, -56.04, 15.48)
(72.26, -56.46, 15.44)
(74.61, -56.83, 15.39)
(76.96, -57.14, 15.33)
(79.32, -57.35, 15.27)
(81.68, -57.43, 15.19)
(84.05, -57.37, 15.11)
(86.41, -57.16, 15.03)
(88.75, -56.8, 14.95)
(91.07, -56.3, 14.88)
(93.35, -55.67, 14.81)
(95.59, -54.91, 14.75)
(97.79, -54.02, 14.69)
(99.95, -53.03, 14.63)
(102.05, -51.94, 14.58)
(104.1, -50.75, 14.54)
(106.11, -49.49, 14.5)
(108.06, -48.15, 14.46)
(109.97, -46.75, 14.42)
(111.84, -45.28, 14.39)
(113.66, -43.77, 14.36)
(115.44, -42.2, 14.33)
(117.19, -40.6, 14.3)
(118.9, -38.96, 14.28)
(120.59, -37.29, 14.25)
(122.24, -35.6, 14.23)
(123.87, -33.88, 14.21)
(125.48, -32.13, 14.2)
(127.07, -30.37, 14.18)
(128.64, -28.59, 14.16)
(130.19, -26.8, 14.14)
(131.73, -25.0, 14.13)
(133.25, -23.19, 14.11)
(134.77, -21.37, 14.1)
(136.28, -19.54, 14.08)
(137.79, -17.71, 14.07)
(139.29, -15.87, 14.05)
(140.79, -14.04, 14.04)
(142.29, -12.2, 14.02)
(143.8, -10.37, 14.01)
(145.3, -8.54, 13.99)
(146.82, -6.71, 13.98)
(148.34, -4.9, 13.96)
(149.87, -3.09, 13.94)
(151.41, -1.29, 13.92)
(152.97, 0.5, 13.9)
(154.54, 2.27, 13.88)
(156.14, 4.03, 13.85)
(157.75, 5.77, 13.83)
(159.39, 7.48, 13.8)
(161.05, 9.18, 13.77)
(162.73, 10.84, 13.74)
(164.45, 12.48, 13.71)
(166.2, 14.08, 13.67)
(167.98, 15.64, 13.63)
(169.8, 17.16, 13.59)
(171.66, 18.63, 13.54)
(173.56, 20.04, 13.49)
(175.5, 21.4, 13.44)
(177.49, 22.69, 13.38)
(179.52, 23.91, 13.32)
(181.6, 25.05, 13.26)
(183.72, 26.1, 13.19)
(185.89, 27.06, 13.11)
(188.1, 27.91, 13.04)
(190.35, 28.65, 12.95)
(192.64, 29.26, 12.88)
(194.96, 29.76, 12.82)
(197.29, 30.17, 12.77)
(199.64, 30.53, 12.73)
(201.99, 30.84, 12.69)
(204.34, 31.11, 12.66)
(206.7, 31.34, 12.64)
(209.06, 31.55, 12.62)
(211.43, 31.73, 12.6)
(213.79, 31.89, 12.58)
(216.16, 32.04, 12.57)
(218.53, 32.16, 12.56)
(220.89, 32.27, 12.55)
(223.26, 32.37, 12.54)
(225.63, 32.46, 12.53)
(228.0, 32.53, 12.53)
(230.37, 32.6, 12.53)
(232.74, 32.66, 12.52)
(235.11, 32.7, 12.52)
(237.48, 32.74, 12.53)
(239.85, 32.77, 12.53)
(242.22, 32.8, 12.53)
(244.6, 32.82, 12.53)
(246.97, 32.83, 12.54)
(249.34, 32.84, 12.54)
(251.71, 32.85, 12.55)
(254.08, 32.84, 12.56)
(256.45, 32.84, 12.56)
(258.82, 32.83, 12.57)
(261.19, 32.82, 12.58)
(263.56, 32.8, 12.59)
(265.93, 32.78, 12.6)
(268.3, 32.76, 12.61)
(270.67, 32.73, 12.62)
(273.04, 32.7, 12.63)
(275.42, 32.67, 12.64)
(277.79, 32.64, 12.65)
(280.16, 32.61, 12.67)
(282.53, 32.57, 12.68)
(284.9, 32.53, 12.69)
(287.27, 32.5, 12.7)
(289.64, 32.46, 12.72)
(292.01, 32.42, 12.73)
(294.38, 32.37, 12.75)
(296.75, 32.33, 12.76)
(299.12, 32.29, 12.78)
(301.49, 32.25, 12.79)
(303.86, 32.21, 12.81)
(306.23, 32.17, 12.82)
(308.6, 32.13, 12.84)
(310.97, 32.09, 12.85)
(313.34, 32.06, 12.87)
(315.71, 32.02, 12.89)
(318.08, 31.99, 12.9)
(320.46, 31.96, 12.92)
(322.83, 31.93, 12.93)
(325.2, 31.91, 12.95)
(327.57, 31.9, 12.97)
(329.94, 31.89, 12.98)
(332.31, 31.89, 13.0)
(334.68, 31.89, 13.01)
(337.05, 31.91, 13.03)
