(-361.62, -157.81, 292.63)
(-356.91, -158.02, 291.94)
(-352.19, -158.22, 291.30)
(-347.47, -158.43, 290.68)
(-342.74, -158.62, 290.11)
(-338.01, -158.81, 289.57)
(-333.28, -158.99, 289.07)
(-328.54, -159.16, 288.59)
(-323.79, -159.32, 288.15)
(-319.05, -159.46, 287.73)
(-314.30, -159.58, 287.35)
(-309.55, -159.68, 286.99)
(-304.80, -159.77, 286.65)
(-300.04, -159.83, 286.33)
(-295.28, -159.86, 286.04)
(-290.53, -159.87, 285.77)
(-285.77, -159.86, 285.51)
(-281.01, -159.81, 285.28)
(-276.25, -159.74, 285.06)
(-271.49, -159.63, 284.85)
(-266.73, -159.50, 284.65)
(-261.97, -159.32, 284.47)
(-257.21, -159.12, 284.30)
(-252.45, -158.88, 284.13)
(-247.70, -158.60, 283.98)
(-242.94, -158.29, 283.83)
(-238.19, -157.94, 283.68)
(-233.45, -157.55, 283.54)
(-228.70, -157.12, 283.41)
(-223.96, -156.65, 283.27)
(-219.22, -156.17, 283.14)
(-214.48, -155.68, 283.02)
(-209.74, -155.19, 282.91)
(-205.00, -154.69, 282.80)
(-200.27, -154.18, 282.70)
(-195.53, -153.65, 282.61)
(-190.80, -153.10, 282.53)
(-186.07, -152.53, 282.45)
(-181.34, -151.93, 282.38)
(-176.62, -151.30, 282.32)
(-171.90, -150.63, 282.27)
(-167.19, -149.92, 282.23)
(-162.48, -149.17, 282.19)
(-157.78, -148.36, 282.17)
(-153.10, -147.49, 282.14)
(-148.42, -146.56, 282.13)
(-143.77, -145.55, 282.12)
(-139.12, -144.48, 282.12)
(-134.50, -143.33, 282.13)
(-129.90, -142.08, 282.13)
(-125.32, -140.76, 282.15)
(-120.77, -139.34, 282.17)
(-116.25, -137.83, 282.19)
(-111.76, -136.23, 282.21)
(-107.31, -134.53, 282.23)
(-102.89, -132.73, 282.26)
(-98.52, -130.85, 282.29)
(-94.18, -128.86, 282.31)
(-89.89, -126.79, 282.34)
(-85.64, -124.64, 282.36)
(-81.44, -122.39, 282.38)
(-77.28, -120.06, 282.40)
(-73.16, -117.66, 282.42)
(-69.09, -115.19, 282.43)
(-65.07, -112.64, 282.45)
(-61.08, -110.02, 282.45)
(-57.14, -107.35, 282.46)
(-53.23, -104.61, 282.46)
(-49.37, -101.82, 282.46)
(-45.54, -98.98, 282.45)
(-41.74, -96.11, 282.44)
(-37.95, -93.21, 282.42)
(-34.18, -90.30, 282.40)
(-30.43, -87.36, 282.37)
(-26.71, -84.39, 282.34)
(-23.03, -81.36, 282.30)
(-19.39, -78.29, 282.26)
(-15.80, -75.14, 282.22)
(-12.29, -71.93, 282.17)
(-8.86, -68.62, 282.13)
(-5.54, -65.20, 282.08)
(-2.33, -61.68, 282.04)
(0.73, -58.02, 282.01)
(3.63, -54.24, 281.99)
(6.34, -50.33, 281.97)
(8.87, -46.28, 281.97)
(11.20, -42.13, 281.99)
(13.32, -37.86, 282.02)
(15.26, -33.51, 282.07)
(17.00, -29.07, 282.14)
(18.57, -24.58, 282.23)
(20.00, -20.03, 282.33)
(21.30, -15.45, 282.44)
(22.46, -10.83, 282.57)
(23.52, -6.18, 282.71)
(24.48, -1.52, 282.87)
(25.37, 3.16, 283.03)
(26.17, 7.86, 283.20)
(26.89, 12.57, 283.37)
(27.51, 17.29, 283.54)
(28.01, 22.02, 283.70)
(28.40, 26.77, 283.86)
(28.68, 31.53, 284.01)
(28.82, 36.29, 284.15)
(28.81, 41.05, 284.28)
(28.67, 45.81, 284.39)
(28.38, 50.57, 284.47)
(27.93, 55.31, 284.54)
(27.34, 60.04, 284.58)
(26.59, 64.75, 284.59)
(25.70, 69.43, 284.57)
(24.67, 74.08, 284.53)
(23.49, 78.70, 284.44)
(22.19, 83.28, 284.33)
(20.77, 87.83, 284.18)
(19.23, 92.34, 284.00)
(17.60, 96.81, 283.79)
(15.87, 101.24, 283.54)
(14.06, 105.64, 283.27)
(12.18, 110.01, 282.96)
(10.22, 114.34, 282.63)
(8.20, 118.64, 282.26)
(6.13, 122.92, 281.88)
(4.00, 127.16, 281.46)
(1.84, 131.39, 281.03)
(-0.41, 135.56, 280.58)
(-2.88, 139.62, 280.16)
(-5.60, 143.51, 279.77)
(-8.55, 147.24, 279.42)
(-11.67, 150.82, 279.09)
(-14.96, 154.25, 278.78)
(-18.39, 157.55, 278.50)
(-21.96, 160.69, 278.24)
(-25.65, 163.70, 277.99)
(-29.44, 166.58, 277.75)
(-33.33, 169.33, 277.52)
(-37.29, 171.97, 277.31)
(-41.33, 174.48, 277.09)
(-45.45, 176.87, 276.88)
(-49.63, 179.15, 276.66)
(-53.87, 181.32, 276.44)
(-58.16, 183.37, 276.21)
(-62.52, 185.30, 275.96)
(-66.92, 187.10, 275.70)
(-71.37, 188.78, 275.41)
(-75.87, 190.31, 275.08)
(-80.42, 191.68, 274.71)
(-85.02, 192.85, 274.26)
(-89.67, 193.72, 273.73)
(-94.37, 194.27, 273.18)
(-99.10, 194.50, 272.62)
(-103.83, 194.48, 272.04)
(-108.55, 194.21, 271.47)
(-113.26, 193.71, 270.91)
(-117.94, 193.01, 270.35)
(-122.59, 192.12, 269.81)
(-127.20, 191.03, 269.29)
(-131.76, 189.75, 268.79)
(-136.27, 188.30, 268.32)
(-140.73, 186.68, 267.88)
(-145.13, 184.89, 267.46)
(-149.46, 182.94, 267.09)
(-153.72, 180.82, 266.74)
(-157.89, 178.53, 266.44)
(-161.97, 176.08, 266.18)
(-165.97, 173.52, 265.93)
(-169.93, 170.87, 265.65)
(-173.81, 168.13, 265.35)
(-177.62, 165.28, 265.04)
(-181.36, 162.34, 264.72)
(-185.01, 159.30, 264.40)
(-188.57, 156.15, 264.07)
(-192.03, 152.89, 263.74)
(-195.39, 149.52, 263.42)
(-198.63, 146.04, 263.10)
(-201.74, 142.44, 262.80)
(-204.72, 138.74, 262.51)
(-207.57, 134.93, 262.25)
(-210.28, 131.01, 262.00)
(-212.82, 126.99, 261.79)
(-215.20, 122.86, 261.60)
(-217.43, 118.65, 261.45)
(-219.49, 114.36, 261.33)
(-221.37, 109.98, 261.25)
(-223.07, 105.53, 261.21)
(-224.62, 101.02, 261.18)
(-226.07, 96.49, 261.07)
(-227.47, 91.93, 260.85)
(-228.77, 87.36, 260.51)
(-229.98, 82.77, 260.08)
(-231.10, 78.17, 259.58)
(-232.11, 73.55, 259.01)
(-233.01, 68.91, 258.38)
(-233.79, 64.25, 257.73)
(-234.44, 59.58, 257.06)
(-234.96, 54.89, 256.38)
(-235.35, 50.19, 255.73)
(-235.62, 45.47, 255.10)
(-235.75, 40.74, 254.52)
(-235.75, 36.00, 254.00)
(-235.63, 31.26, 253.54)
(-235.40, 26.52, 253.16)
(-235.10, 21.77, 252.84)
(-234.80, 17.02, 252.55)
(-234.47, 12.28, 252.29)
(-234.10, 7.53, 252.05)
(-233.67, 2.79, 251.82)
(-233.14, -1.94, 251.60)
(-232.49, -6.66, 251.38)
(-231.69, -11.35, 251.15)
(-230.73, -16.01, 250.91)
(-229.54, -20.62, 250.65)
(-228.11, -25.15, 250.36)
(-226.42, -29.60, 250.03)
(-224.43, -33.91, 249.66)
(-222.11, -38.05, 249.24)
(-219.56, -42.05, 248.79)
(-216.97, -46.02, 248.36)
(-214.37, -50.00, 247.96)
(-211.76, -53.97, 247.62)
(-209.08, -57.90, 247.34)
(-206.28, -61.76, 247.14)
(-203.27, -65.45, 247.02)
(-200.03, -68.94, 246.95)
(-196.59, -72.23, 246.88)
(-192.99, -75.36, 246.79)
(-189.31, -78.39, 246.68)
(-185.59, -81.35, 246.53)
(-181.83, -84.27, 246.35)
(-178.06, -87.19, 246.15)
(-174.30, -90.11, 245.92)
(-170.55, -93.04, 245.67)
(-166.81, -95.97, 245.39)
(-163.07, -98.91, 245.08)
(-159.33, -101.85, 244.73)
(-155.58, -104.76, 244.35)
(-151.81, -107.64, 243.93)
(-148.00, -110.47, 243.48)
(-144.13, -113.22, 243.00)
(-140.20, -115.86, 242.50)
(-136.17, -118.36, 241.99)
(-132.04, -120.69, 241.50)
(-127.82, -122.84, 241.03)
(-123.51, -124.83, 240.61)
(-119.12, -126.64, 240.23)
(-114.67, -128.32, 239.91)
(-110.18, -129.90, 239.63)
(-105.65, -131.37, 239.39)
(-101.10, -132.77, 239.20)
(-96.53, -134.11, 239.04)
(-91.95, -135.40, 238.92)
(-87.35, -136.66, 238.82)
(-82.74, -137.89, 238.75)
(-78.14, -139.10, 238.70)
(-73.52, -140.30, 238.66)
(-68.91, -141.51, 238.64)
(-64.31, -142.73, 238.64)
(-59.70, -143.94, 238.65)
(-55.09, -145.15, 238.68)
(-50.48, -146.35, 238.72)
(-45.86, -147.52, 238.78)
(-41.23, -148.66, 238.86)
(-36.59, -149.75, 238.94)
(-31.94, -150.78, 239.03)
(-27.27, -151.74, 239.12)
(-22.59, -152.63, 239.19)
(-17.89, -153.44, 239.26)
(-13.19, -154.18, 239.31)
(-8.47, -154.86, 239.34)
(-3.75, -155.49, 239.35)
(0.98, -156.07, 239.34)
(5.72, -156.62, 239.32)
(10.46, -157.13, 239.28)
(15.20, -157.62, 239.23)
(19.94, -158.09, 239.19)
(24.68, -158.55, 239.15)
(29.43, -158.99, 239.14)
(34.17, -159.42, 239.13)
(38.92, -159.84, 239.15)
(43.67, -160.24, 239.17)
(48.42, -160.61, 239.21)
(53.17, -160.98, 239.27)
(57.93, -161.32, 239.34)
(62.68, -161.63, 239.42)
(67.44, -161.93, 239.51)
(72.19, -162.20, 239.61)
(76.95, -162.44, 239.72)
(81.71, -162.66, 239.84)
(86.47, -162.85, 239.96)
(91.23, -163.00, 240.09)
(96.00, -163.12, 240.21)
(100.76, -163.21, 240.33)
(105.52, -163.25, 240.44)
(110.29, -163.26, 240.53)
(115.05, -163.23, 240.60)
(119.82, -163.15, 240.63)
(124.58, -163.03, 240.63)
(129.35, -162.87, 240.58)
(134.11, -162.66, 240.48)
(138.86, -162.41, 240.30)
