(-361.62, -157.81, 292.63)
(-355.98, -158.06, 291.81)
(-350.34, -158.30, 291.05)
(-344.69, -158.54, 290.34)
(-339.03, -158.77, 289.69)
(-333.37, -158.99, 289.08)
(-327.70, -159.19, 288.51)
(-322.03, -159.37, 287.99)
(-316.35, -159.53, 287.51)
(-310.67, -159.66, 287.07)
(-304.99, -159.76, 286.66)
(-299.30, -159.83, 286.29)
(-293.61, -159.87, 285.94)
(-287.92, -159.87, 285.63)
(-282.22, -159.83, 285.34)
(-276.53, -159.74, 285.07)
(-270.84, -159.62, 284.82)
(-265.15, -159.44, 284.59)
(-259.45, -159.22, 284.38)
(-253.76, -158.95, 284.18)
(-248.08, -158.63, 283.99)
(-242.39, -158.25, 283.81)
(-236.71, -157.82, 283.64)
(-231.03, -157.33, 283.47)
(-225.36, -156.79, 283.31)
(-219.69, -156.22, 283.15)
(-214.02, -155.63, 283.01)
(-208.36, -155.04, 282.87)
(-202.69, -154.44, 282.75)
(-197.03, -153.82, 282.64)
(-191.36, -153.17, 282.53)
(-185.71, -152.49, 282.45)
(-180.05, -151.77, 282.37)
(-174.40, -150.99, 282.30)
(-168.77, -150.17, 282.24)
(-163.14, -149.28, 282.20)
(-157.52, -148.31, 282.16)
(-151.92, -147.26, 282.14)
(-146.33, -146.11, 282.13)
(-140.77, -144.87, 282.12)
(-135.23, -143.51, 282.12)
(-129.73, -142.04, 282.14)
(-124.26, -140.44, 282.15)
(-118.83, -138.71, 282.17)
(-113.44, -136.84, 282.20)
(-108.10, -134.84, 282.23)
(-102.82, -132.70, 282.26)
(-97.59, -130.43, 282.29)
(-92.42, -128.03, 282.32)
(-87.32, -125.50, 282.35)
(-82.27, -122.85, 282.38)
(-77.29, -120.07, 282.40)
(-72.37, -117.19, 282.42)
(-67.52, -114.20, 282.44)
(-62.73, -111.12, 282.45)
(-58.00, -107.94, 282.46)
(-53.32, -104.68, 282.46)
(-48.70, -101.34, 282.45)
(-44.14, -97.92, 282.44)
(-39.60, -94.47, 282.43)
(-35.08, -91.00, 282.40)
(-30.59, -87.49, 282.37)
(-26.15, -83.92, 282.33)
(-21.75, -80.29, 282.29)
(-17.42, -76.59, 282.24)
(-13.19, -72.77, 282.18)
(-9.07, -68.83, 282.13)
(-5.10, -64.74, 282.08)
(-1.31, -60.49, 282.03)
(2.28, -56.06, 282.00)
(5.61, -51.43, 281.98)
(8.66, -46.62, 281.97)
(11.44, -41.65, 281.99)
(13.95, -36.53, 282.04)
(16.15, -31.27, 282.11)
(18.12, -25.93, 282.20)
(19.86, -20.50, 282.32)
(21.41, -15.02, 282.45)
(22.77, -9.48, 282.61)
(24.00, -3.92, 282.79)
(25.10, 1.67, 282.98)
(26.08, 7.28, 283.18)
(26.94, 12.91, 283.38)
(27.65, 18.56, 283.58)
(28.21, 24.23, 283.78)
(28.60, 29.92, 283.96)
(28.81, 35.61, 284.13)
(28.81, 41.31, 284.28)
(28.61, 47.00, 284.41)
(28.20, 52.68, 284.51)
(27.57, 58.35, 284.57)
(26.73, 63.99, 284.59)
(25.66, 69.59, 284.57)
(24.40, 75.14, 284.51)
(22.95, 80.65, 284.40)
(21.31, 86.11, 284.24)
(19.53, 91.52, 284.04)
(17.57, 96.87, 283.78)
(15.50, 102.17, 283.49)
(13.30, 107.42, 283.15)
(11.00, 112.62, 282.76)
(8.61, 117.78, 282.34)
(6.14, 122.89, 281.88)
(3.60, 127.97, 281.38)
(1.00, 133.01, 280.85)
(-1.83, 137.93, 280.33)
(-4.98, 142.65, 279.85)
(-8.47, 147.14, 279.43)
(-12.22, 151.41, 279.03)
(-16.20, 155.48, 278.68)
(-20.39, 159.32, 278.35)
(-24.74, 162.99, 278.05)
(-29.27, 166.45, 277.76)
(-33.91, 169.74, 277.49)
(-38.68, 172.85, 277.23)
(-43.56, 175.79, 276.97)
(-48.53, 178.57, 276.72)
(-53.59, 181.18, 276.45)
(-58.73, 183.63, 276.18)
(-63.95, 185.90, 275.88)
(-69.24, 187.99, 275.55)
(-74.60, 189.89, 275.18)
(-80.03, 191.57, 274.74)
(-85.52, 192.97, 274.20)
(-91.11, 193.93, 273.57)
(-96.74, 194.42, 272.90)
(-102.40, 194.51, 272.22)
(-108.05, 194.25, 271.53)
(-113.68, 193.65, 270.86)
(-119.27, 192.78, 270.19)
(-124.81, 191.60, 269.56)
(-130.30, 190.19, 268.95)
(-135.71, 188.49, 268.38)
(-141.05, 186.56, 267.85)
(-146.30, 184.40, 267.36)
(-151.43, 181.97, 266.92)
(-156.47, 179.32, 266.54)
(-161.38, 176.45, 266.22)
(-166.17, 173.39, 265.91)
(-170.89, 170.20, 265.58)
(-175.51, 166.88, 265.22)
(-180.02, 163.42, 264.84)
(-184.41, 159.81, 264.45)
(-188.68, 156.05, 264.06)
(-192.80, 152.13, 263.67)
(-196.77, 148.06, 263.28)
(-200.57, 143.83, 262.91)
(-204.18, 139.44, 262.57)
(-207.60, 134.89, 262.25)
(-210.81, 130.19, 261.96)
(-213.80, 125.34, 261.71)
(-216.56, 120.36, 261.51)
(-219.07, 115.24, 261.35)
(-221.35, 110.02, 261.25)
(-223.36, 104.69, 261.20)
(-225.18, 99.29, 261.16)
(-226.88, 93.85, 260.95)
(-228.49, 88.39, 260.60)
(-229.95, 82.91, 260.10)
(-231.28, 77.40, 259.49)
(-232.45, 71.87, 258.79)
(-233.46, 66.31, 258.02)
(-234.29, 60.73, 257.22)
(-234.93, 55.12, 256.42)
(-235.40, 49.50, 255.63)
(-235.67, 43.85, 254.90)
(-235.77, 38.19, 254.23)
(-235.68, 32.52, 253.65)
(-235.42, 26.85, 253.18)
(-235.06, 21.17, 252.80)
(-234.69, 15.49, 252.46)
(-234.29, 9.81, 252.16)
(-233.80, 4.14, 251.88)
(-233.19, -1.52, 251.62)
(-232.41, -7.16, 251.35)
(-231.43, -12.77, 251.08)
(-230.15, -18.31, 250.78)
(-228.58, -23.78, 250.45)
(-226.61, -29.11, 250.07)
(-224.23, -34.27, 249.63)
(-221.40, -39.19, 249.11)
(-218.31, -43.95, 248.57)
(-215.22, -48.71, 248.08)
(-212.10, -53.46, 247.66)
(-208.90, -58.17, 247.33)
(-205.51, -62.74, 247.11)
(-201.81, -67.08, 246.99)
(-197.79, -71.11, 246.90)
(-193.53, -74.90, 246.81)
(-189.14, -78.53, 246.67)
(-184.68, -82.07, 246.49)
(-180.17, -85.55, 246.27)
(-175.67, -89.04, 246.01)
(-171.18, -92.54, 245.72)
(-166.70, -96.05, 245.38)
(-162.23, -99.57, 245.00)
(-157.76, -103.07, 244.57)
(-153.26, -106.54, 244.09)
(-148.72, -109.95, 243.57)
(-144.11, -113.24, 242.99)
(-139.39, -116.38, 242.39)
(-134.53, -119.31, 241.79)
(-129.54, -121.99, 241.22)
(-124.41, -124.42, 240.70)
(-119.17, -126.62, 240.24)
(-113.85, -128.63, 239.85)
(-108.46, -130.46, 239.53)
(-103.04, -132.19, 239.27)
(-97.58, -133.81, 239.08)
(-92.09, -135.36, 238.92)
(-86.60, -136.86, 238.81)
(-81.09, -138.32, 238.73)
(-75.57, -139.76, 238.68)
(-70.06, -141.21, 238.64)
(-64.55, -142.66, 238.64)
(-59.04, -144.12, 238.65)
(-53.52, -145.56, 238.69)
(-48.00, -146.98, 238.75)
(-42.47, -148.36, 238.84)
(-36.93, -149.68, 238.93)
(-31.36, -150.91, 239.04)
(-25.78, -152.03, 239.14)
(-20.17, -153.06, 239.23)
(-14.55, -153.97, 239.29)
(-8.91, -154.80, 239.33)
(-3.26, -155.55, 239.35)
(2.40, -156.24, 239.34)
(8.07, -156.87, 239.30)
(13.74, -157.47, 239.25)
(19.41, -158.04, 239.19)
(25.08, -158.59, 239.15)
(30.76, -159.12, 239.13)
(36.43, -159.62, 239.14)
(42.11, -160.11, 239.16)
(47.79, -160.57, 239.21)
(53.48, -161.00, 239.27)
(59.16, -161.40, 239.35)
(64.85, -161.77, 239.46)
(70.54, -162.11, 239.57)
(76.23, -162.41, 239.70)
(81.92, -162.67, 239.84)
(87.61, -162.89, 239.99)
(93.31, -163.06, 240.14)
(99.01, -163.18, 240.29)
(104.71, -163.25, 240.42)
(110.40, -163.26, 240.53)
(116.10, -163.21, 240.61)
(121.80, -163.11, 240.64)
(127.50, -162.94, 240.61)
(133.19, -162.70, 240.50)
(138.88, -162.41, 240.30)
