(-331.35, -147.48, 131.01)
(-327.37, -148.35, 130.69)
(-323.39, -149.21, 130.37)
(-319.4, -150.03, 130.07)
(-315.41, -150.81, 129.77)
(-311.4, -151.52, 129.48)
(-307.37, -152.16, 129.2)
(-303.34, -152.71, 128.95)
(-299.29, -153.18, 128.7)
(-295.23, -153.55, 128.48)
(-291.16, -153.82, 128.28)
(-287.08, -154.0, 128.09)
(-283.0, -154.09, 127.92)
(-278.92, -154.08, 127.77)
(-274.84, -153.98, 127.64)
(-270.77, -153.8, 127.53)
(-266.69, -153.53, 127.43)
(-262.63, -153.19, 127.34)
(-258.56, -152.78, 127.27)
(-254.51, -152.29, 127.22)
(-250.46, -151.75, 127.17)
(-246.43, -151.14, 127.14)
(-242.4, -150.47, 127.12)
(-238.38, -149.75, 127.12)
(-234.37, -148.98, 127.12)
(-230.36, -148.19, 127.12)
(-226.36, -147.41, 127.1)
(-222.35, -146.63, 127.07)
(-218.34, -145.84, 127.03)
(-214.34, -145.01, 126.97)
(-210.36, -144.13, 126.92)
(-206.4, -143.14, 126.87)
(-202.48, -141.99, 126.85)
(-198.63, -140.62, 126.89)
(-194.89, -139.0, 127.0)
(-191.26, -137.13, 127.19)
(-187.76, -135.06, 127.47)
(-184.36, -132.82, 127.82)
(-181.05, -130.47, 128.23)
(-177.79, -128.05, 128.69)
(-174.59, -125.57, 129.18)
(-171.41, -123.05, 129.69)
(-168.26, -120.51, 130.23)
(-165.14, -117.94, 130.78)
(-162.04, -115.34, 131.33)
(-158.97, -112.7, 131.88)
(-155.95, -110.01, 132.42)
(-152.97, -107.28, 132.97)
(-150.04, -104.49, 133.52)
(-147.16, -101.63, 134.06)
(-144.36, -98.72, 134.6)
(-141.63, -95.73, 135.14)
(-138.97, -92.67, 135.66)
(-136.41, -89.54, 136.18)
(-133.92, -86.34, 136.68)
(-131.53, -83.07, 137.17)
(-129.21, -79.74, 137.65)
(-126.97, -76.36, 138.11)
(-124.78, -72.94, 138.55)
(-122.65, -69.48, 138.98)
(-120.55, -66.01, 139.4)
(-118.48, -62.51, 139.8)
(-116.42, -59.01, 140.2)
(-114.37, -55.5, 140.58)
(-112.31, -51.99, 140.96)
(-110.25, -48.48, 141.33)
(-108.18, -44.98, 141.7)
(-106.1, -41.49, 142.06)
(-104.0, -38.0, 142.41)
(-101.89, -34.53, 142.77)
(-99.76, -31.06, 143.12)
(-97.61, -27.61, 143.46)
(-95.44, -24.17, 143.81)
(-93.26, -20.73, 144.15)
(-91.07, -17.3, 144.5)
(-88.91, -13.85, 144.85)
(-86.78, -10.39, 145.21)
(-84.67, -6.92, 145.58)
(-82.59, -3.42, 145.96)
(-80.56, 0.1, 146.34)
(-78.56, 3.64, 146.73)
(-76.6, 7.2, 147.12)
(-74.69, 10.79, 147.5)
(-72.83, 14.4, 147.89)
(-71.02, 18.04, 148.26)
(-69.24, 21.7, 148.6)
(-67.5, 25.38, 148.92)
(-65.76, 29.07, 149.2)
(-64.03, 32.75, 149.45)
(-62.28, 36.44, 149.65)
(-60.5, 40.11, 149.81)
(-58.68, 43.76, 149.93)
(-56.83, 47.4, 150.02)
(-54.94, 51.02, 150.08)
(-53.02, 54.62, 150.12)
(-51.06, 58.2, 150.15)
(-49.07, 61.77, 150.15)
(-47.05, 65.32, 150.14)
(-45.01, 68.85, 150.12)
(-42.94, 72.38, 150.09)
(-40.84, 75.88, 150.06)
(-38.71, 79.36, 150.0)
(-36.54, 82.82, 149.94)
(-34.32, 86.24, 149.86)
(-32.05, 89.64, 149.77)
(-29.73, 93.0, 149.65)
(-27.35, 96.31, 149.51)
(-24.91, 99.58, 149.35)
(-22.39, 102.78, 149.16)
(-19.79, 105.93, 148.93)
(-17.11, 108.99, 148.67)
(-14.33, 111.97, 148.37)
(-11.46, 114.86, 148.03)
(-8.49, 117.62, 147.64)
(-5.41, 120.27, 147.19)
(-2.23, 122.79, 146.69)
(1.04, 125.16, 146.14)
(4.41, 127.39, 145.52)
(7.86, 129.47, 144.86)
(11.38, 131.42, 144.14)
(14.96, 133.22, 143.38)
(18.58, 134.91, 142.57)
(22.25, 136.49, 141.72)
(25.95, 137.97, 140.84)
(29.68, 139.38, 139.93)
(33.42, 140.72, 139.0)
(37.17, 142.04, 138.08)
(40.94, 143.33, 137.16)
(44.72, 144.58, 136.25)
(48.51, 145.78, 135.34)
(52.33, 146.92, 134.43)
(56.16, 147.99, 133.53)
(60.02, 148.97, 132.63)
(63.91, 149.85, 131.73)
(67.82, 150.59, 130.83)
(71.75, 151.19, 129.92)
(75.71, 151.59, 129.01)
(79.69, 151.79, 128.09)
(83.66, 151.75, 127.16)
(87.62, 151.46, 126.21)
(91.55, 150.92, 125.25)
(95.44, 150.14, 124.27)
(99.27, 149.15, 123.27)
(103.04, 147.97, 122.26)
(106.76, 146.63, 121.23)
(110.43, 145.18, 120.18)
(114.05, 143.62, 119.12)
(117.64, 141.99, 118.05)
(121.19, 140.3, 116.96)
(124.72, 138.57, 115.85)
(128.23, 136.81, 114.73)
(131.73, 135.03, 113.6)
(135.21, 133.24, 112.46)
(138.69, 131.43, 111.3)
(142.16, 129.62, 110.13)
(145.6, 127.77, 108.96)
(149.01, 125.85, 107.77)
(152.36, 123.87, 106.56)
(155.66, 121.8, 105.34)
(158.9, 119.64, 104.1)
(162.07, 117.4, 102.84)
(165.15, 115.05, 101.55)
(168.14, 112.6, 100.23)
(171.03, 110.05, 98.89)
(173.8, 107.39, 97.51)
(176.45, 104.62, 96.1)
(178.98, 101.75, 94.65)
(181.37, 98.8, 93.17)
(183.63, 95.76, 91.65)
(185.78, 92.65, 90.1)
(187.81, 89.48, 88.52)
(189.74, 86.26, 86.9)
(191.58, 83.01, 85.26)
(193.34, 79.73, 83.58)
(195.05, 76.43, 81.88)
(196.7, 73.12, 80.15)
(198.32, 69.81, 78.4)
(199.9, 66.49, 76.63)
(201.47, 63.17, 74.84)
(203.03, 59.86, 73.03)
(204.57, 56.55, 71.2)
(206.12, 53.25, 69.36)
(207.67, 49.97, 67.5)
(209.23, 46.69, 65.62)
(210.79, 43.42, 63.74)
(212.37, 40.17, 61.84)
(213.96, 36.93, 59.93)
(215.57, 33.71, 58.01)
(217.19, 30.49, 56.08)
(218.83, 27.3, 54.14)
(220.48, 24.1, 52.21)
(222.13, 20.9, 50.29)
(223.79, 17.69, 48.39)
(225.45, 14.47, 46.5)
(227.11, 11.25, 44.62)
(228.76, 8.01, 42.76)
(230.4, 4.76, 40.91)
(232.01, 1.49, 39.06)
(233.59, -1.79, 37.22)
(235.12, -5.09, 35.36)
(236.59, -8.41, 33.49)
(237.96, -11.75, 31.58)
(239.22, -15.1, 29.62)
(240.36, -18.46, 27.61)
(241.35, -21.83, 25.52)
(242.2, -25.18, 23.35)
(242.91, -28.52, 21.11)
(243.5, -31.84, 18.8)
(243.99, -35.13, 16.43)
(244.38, -38.39, 14.01)
(244.71, -41.63, 11.55)
(244.98, -44.84, 9.04)
(245.21, -48.03, 6.51)
(245.4, -51.21, 3.94)
(245.56, -54.36, 1.36)
(245.7, -57.51, -1.24)
(245.82, -60.64, -3.86)
(245.93, -63.76, -6.5)
(246.04, -66.88, -9.12)
(246.14, -70.02, -11.73)
(246.23, -73.16, -14.33)
(246.29, -76.31, -16.93)
(246.32, -79.47, -19.53)
(246.28, -82.61, -22.13)
(246.15, -85.74, -24.75)
(245.9, -88.82, -27.42)
(245.47, -91.84, -30.13)
(244.84, -94.76, -32.92)
(243.99, -97.54, -35.78)
(242.93, -100.17, -38.71)
(241.68, -102.65, -41.71)
(240.28, -104.99, -44.75)
(238.78, -107.22, -47.82)
(237.21, -109.36, -50.93)
(235.58, -111.42, -54.05)
(233.91, -113.43, -57.19)
(232.23, -115.39, -60.35)
(230.52, -117.33, -63.51)
(228.8, -119.24, -66.69)
(227.08, -121.13, -69.87)
(225.33, -122.98, -73.06)
(223.54, -124.78, -76.26)
(221.69, -126.5, -79.47)
(219.76, -128.1, -82.69)
(217.73, -129.58, -85.91)
(215.59, -130.91, -89.12)
(213.37, -132.13, -92.32)
(211.08, -133.28, -95.5)
(208.75, -134.37, -98.67)
(206.39, -135.43, -101.84)
(204.03, -136.48, -104.99)
(201.64, -137.53, -108.14)
(199.25, -138.57, -111.27)
(196.83, -139.6, -114.4)
(194.38, -140.6, -117.51)
(191.88, -141.56, -120.59)
(189.32, -142.44, -123.65)
(186.71, -143.24, -126.68)
(184.05, -143.95, -129.7)
(181.37, -144.59, -132.71)
(178.68, -145.18, -135.73)
(176.0, -145.76, -138.75)
(173.33, -146.32, -141.79)
(170.68, -146.9, -144.84)
(168.05, -147.48, -147.91)
(165.44, -148.08, -150.99)
(162.84, -148.68, -154.09)
(160.25, -149.31, -157.18)
(157.65, -149.96, -160.26)
(155.04, -150.62, -163.33)
(152.42, -151.29, -166.39)
(149.79, -151.94, -169.44)
(147.16, -152.6, -172.49)
(144.51, -153.24, -175.54)
(141.86, -153.89, -178.57)
(139.2, -154.55, -181.59)
(136.52, -155.23, -184.6)
(133.83, -155.93, -187.6)
(131.14, -156.65, -190.58)
(128.43, -157.4, -193.55)
(125.72, -158.16, -196.5)
(123.01, -158.93, -199.46)
(120.3, -159.73, -202.4)
(117.58, -160.53, -205.34)
(114.86, -161.32, -208.28)
(112.13, -162.09, -211.22)
(109.41, -162.84, -214.17)
(106.67, -163.57, -217.11)
(103.94, -164.27, -220.06)
(101.2, -164.96, -223.01)
(98.46, -165.61, -225.96)
(95.71, -166.25, -228.92)
(92.96, -166.86, -231.87)
(90.2, -167.46, -234.82)
(87.44, -168.05, -237.78)
(84.68, -168.64, -240.73)
(81.92, -169.24, -243.67)
(79.16, -169.88, -246.61)
(76.4, -170.56, -249.54)
(73.65, -171.3, -252.47)
