(-131.35, 52.52, 231.01)
(-126.97, 51.56, 230.66)
(-122.58, 50.62, 230.31)
(-118.18, 49.72, 229.97)
(-113.77, 48.89, 229.65)
(-109.34, 48.14, 229.34)
(-104.90, 47.49, 229.04)
(-100.44, 46.95, 228.77)
(-95.97, 46.51, 228.52)
(-91.49, 46.19, 228.29)
(-87.00, 45.99, 228.09)
(-82.50, 45.91, 227.90)
(-78.01, 45.94, 227.74)
(-73.51, 46.07, 227.60)
(-69.02, 46.31, 227.48)
(-64.53, 46.64, 227.38)
(-60.05, 47.06, 227.30)
(-55.58, 47.57, 227.23)
(-51.12, 48.16, 227.18)
(-46.67, 48.82, 227.14)
(-42.23, 49.56, 227.12)
(-37.80, 50.35, 227.11)
(-33.38, 51.21, 227.12)
(-28.97, 52.08, 227.11)
(-24.55, 52.94, 227.09)
(-20.14, 53.80, 227.05)
(-15.73, 54.70, 226.99)
(-11.33, 55.65, 226.93)
(-6.96, 56.71, 226.88)
(-2.63, 57.96, 226.85)
(1.60, 59.47, 226.89)
(5.72, 61.29, 227.02)
(9.68, 63.40, 227.26)
(13.51, 65.75, 227.59)
(17.21, 68.27, 228.01)
(20.82, 70.91, 228.49)
(24.38, 73.62, 229.01)
(27.88, 76.39, 229.58)
(31.36, 79.18, 230.16)
(34.81, 82.01, 230.77)
(38.22, 84.88, 231.37)
(41.59, 87.80, 231.98)
(44.92, 90.77, 232.58)
(48.18, 93.80, 233.19)
(51.38, 96.91, 233.79)
(54.51, 100.09, 234.38)
(57.55, 103.35, 234.97)
(60.50, 106.71, 235.56)
(63.34, 110.14, 236.13)
(66.08, 113.67, 236.68)
(68.72, 117.28, 237.22)
(71.26, 120.95, 237.74)
(73.71, 124.69, 238.25)
(76.10, 128.48, 238.73)
(78.43, 132.30, 239.20)
(80.73, 136.14, 239.65)
(83.00, 140.00, 240.09)
(85.26, 143.87, 240.52)
(87.52, 147.73, 240.93)
(89.79, 151.60, 241.34)
(92.08, 155.46, 241.74)
(94.37, 159.30, 242.14)
(96.69, 163.14, 242.53)
(99.03, 166.97, 242.92)
(101.39, 170.78, 243.30)
(103.77, 174.58, 243.68)
(106.17, 178.37, 244.06)
(108.58, 182.15, 244.44)
(110.96, 185.95, 244.83)
(113.32, 189.76, 245.23)
(115.64, 193.59, 245.64)
(117.92, 197.45, 246.05)
(120.15, 201.34, 246.48)
(122.33, 205.25, 246.90)
(124.46, 209.19, 247.33)
(126.53, 213.16, 247.76)
(128.55, 217.16, 248.17)
(130.51, 221.19, 248.56)
(132.44, 225.24, 248.91)
(134.35, 229.31, 249.22)
(136.26, 233.37, 249.48)
(138.20, 237.43, 249.69)
(140.17, 241.47, 249.86)
(142.19, 245.49, 249.98)
(144.25, 249.49, 250.06)
(146.36, 253.46, 250.11)
(148.51, 257.42, 250.14)
(150.70, 261.35, 250.15)
(152.92, 265.26, 250.14)
(155.17, 269.16, 250.12)
(157.45, 273.04, 250.09)
(159.77, 276.89, 250.04)
(162.14, 280.72, 249.98)
(164.56, 284.51, 249.90)
(167.03, 288.27, 249.81)
(169.56, 291.99, 249.69)
(172.17, 295.65, 249.54)
(174.85, 299.26, 249.37)
(177.63, 302.80, 249.16)
(180.49, 306.26, 248.91)
(183.47, 309.62, 248.61)
(186.55, 312.88, 248.27)
(189.76, 316.01, 247.87)
(193.09, 319.01, 247.41)
(196.54, 321.84, 246.89)
(200.11, 324.51, 246.30)
(203.80, 327.00, 245.64)
(207.59, 329.32, 244.91)
(211.47, 331.46, 244.12)
(215.42, 333.45, 243.28)
(219.42, 335.28, 242.38)
(223.48, 336.99, 241.43)
(227.57, 338.59, 240.45)
(231.68, 340.10, 239.43)
(235.81, 341.57, 238.41)
(239.96, 343.00, 237.40)
(244.12, 344.38, 236.39)
(248.30, 345.71, 235.39)
(252.50, 346.97, 234.39)
(256.73, 348.14, 233.40)
(260.99, 349.20, 232.41)
(265.28, 350.13, 231.41)
(269.61, 350.88, 230.42)
(273.96, 351.44, 229.42)
(278.33, 351.75, 228.41)
(282.71, 351.78, 227.38)
(287.08, 351.51, 226.34)
(291.41, 350.94, 225.28)
(295.70, 350.08, 224.20)
(299.91, 348.96, 223.10)
(304.06, 347.62, 221.98)
(308.14, 346.10, 220.84)
(312.16, 344.45, 219.68)
(316.13, 342.69, 218.50)
(320.06, 340.85, 217.31)
(323.96, 338.95, 216.09)
(327.83, 337.02, 214.86)
(331.68, 335.06, 213.61)
(335.52, 333.08, 212.35)
(339.35, 331.09, 211.08)
(343.17, 329.09, 209.79)
(346.95, 327.02, 208.49)
(350.68, 324.88, 207.17)
(354.35, 322.64, 205.83)
(357.94, 320.30, 204.47)
(361.45, 317.85, 203.09)
(364.87, 315.28, 201.67)
(368.17, 312.58, 200.22)
(371.34, 309.76, 198.74)
(374.37, 306.81, 197.21)
(377.26, 303.73, 195.65)
(379.99, 300.54, 194.04)
(382.56, 297.23, 192.39)
(384.98, 293.84, 190.70)
(387.25, 290.36, 188.96)
(389.40, 286.83, 187.19)
(391.44, 283.25, 185.38)
(393.39, 279.64, 183.53)
(395.27, 276.00, 181.66)
(397.08, 272.35, 179.75)
(398.85, 268.70, 177.82)
(400.59, 265.04, 175.85)
(402.31, 261.39, 173.87)
(404.02, 257.74, 171.86)
(405.72, 254.10, 169.83)
(407.43, 250.48, 167.79)
(409.14, 246.86, 165.72)
(410.87, 243.26, 163.64)
(412.61, 239.68, 161.55)
(414.37, 236.11, 159.44)
(416.14, 232.56, 157.32)
(417.94, 229.03, 155.19)
(419.75, 225.51, 153.06)
(421.57, 221.98, 150.94)
(423.40, 218.45, 148.83)
(425.23, 214.91, 146.75)
(427.06, 211.35, 144.68)
(428.88, 207.78, 142.63)
(430.68, 204.20, 140.59)
(432.45, 200.60, 138.56)
(434.18, 196.97, 136.52)
(435.83, 193.33, 134.47)
(437.39, 189.66, 132.39)
(438.83, 185.97, 130.25)
(440.12, 182.26, 128.05)
(441.24, 178.55, 125.76)
(442.19, 174.86, 123.38)
(442.97, 171.18, 120.90)
(443.60, 167.53, 118.35)
(444.11, 163.91, 115.73)
(444.52, 160.32, 113.04)
(444.85, 156.77, 110.30)
(445.12, 153.24, 107.52)
(445.34, 149.73, 104.71)
(445.53, 146.25, 101.86)
(445.69, 142.78, 99.00)
(445.82, 139.34, 96.11)
(445.94, 135.90, 93.21)
(446.06, 132.45, 90.32)
(446.17, 128.99, 87.44)
(446.26, 125.52, 84.58)
(446.31, 122.05, 81.72)
(446.30, 118.58, 78.86)
(446.20, 115.12, 75.97)
(445.95, 111.71, 73.05)
(445.51, 108.37, 70.07)
(444.82, 105.16, 67.00)
(443.86, 102.10, 63.84)
(442.65, 99.23, 60.59)
(441.22, 96.55, 57.27)
(439.64, 94.02, 53.91)
(437.94, 91.62, 50.50)
(436.17, 89.31, 47.07)
(434.34, 87.08, 43.61)
(432.48, 84.90, 40.14)
(430.61, 82.77, 36.65)
(428.72, 80.66, 33.15)
(426.81, 78.59, 29.64)
(424.87, 76.56, 26.12)
(422.88, 74.60, 22.59)
(420.81, 72.75, 19.05)
(418.63, 71.05, 15.50)
(416.32, 69.52, 11.96)
(413.89, 68.14, 8.43)
(411.38, 66.87, 4.92)
(408.82, 65.67, 1.42)
(406.22, 64.49, -2.06)
(403.61, 63.34, -5.54)
(400.98, 62.18, -9.01)
(398.33, 61.04, -12.46)
(395.65, 59.92, -15.89)
(392.93, 58.84, -19.31)
(390.13, 57.83, -22.69)
(387.27, 56.92, -26.04)
(384.34, 56.13, -29.36)
(381.39, 55.42, -32.68)
(378.43, 54.76, -36.01)
(375.48, 54.13, -39.34)
(372.54, 53.51, -42.69)
(369.63, 52.87, -46.07)
(366.74, 52.22, -49.46)
(363.87, 51.56, -52.86)
(361.01, 50.88, -56.27)
(358.15, 50.17, -59.67)
(355.28, 49.44, -63.06)
(352.39, 48.71, -66.42)
(349.49, 47.98, -69.79)
(346.59, 47.26, -73.15)
(343.67, 46.55, -76.50)
(340.74, 45.83, -79.84)
(337.80, 45.09, -83.17)
(334.84, 44.33, -86.47)
(331.87, 43.55, -89.76)
(328.90, 42.73, -93.04)
(325.91, 41.90, -96.30)
(322.92, 41.04, -99.55)
(319.93, 40.16, -102.80)
(316.93, 39.28, -106.04)
(313.93, 38.41, -109.28)
(310.93, 37.57, -112.52)
(307.92, 36.76, -115.77)
(304.91, 35.97, -119.02)
(301.89, 35.21, -122.27)
(298.87, 34.49, -125.52)
(295.84, 33.78, -128.77)
(292.81, 33.11, -132.03)
(289.77, 32.45, -135.28)
(286.73, 31.80, -138.54)
(283.69, 31.15, -141.79)
(280.64, 30.47, -145.03)
(277.60, 29.74, -148.27)
(274.57, 28.95, -151.49)
(271.54, 28.08, -154.71)
